1 0.6739130434782609 0.01826923076923082 0.4673913043478261 0.018269230769230812 0.4673913043478261 0.03750000000000005 0.6739130434782609 0.037500000000000054
1 0.3084239130434783 0.3096153846153846 0.2391304347826088 0.3096153846153846 0.2391304347826088 0.3269230769230769 0.3084239130434783 0.3269230769230769
1 0.3057065217391305 0.39807692307692305 0.2391304347826088 0.39807692307692305 0.2391304347826088 0.41057692307692306 0.3057065217391305 0.41057692307692306
1 0.2975543478260871 0.9490384615384615 0.24048913043478276 0.9490384615384615 0.24048913043478276 0.9711538461538461 0.2975543478260871 0.9711538461538461
1 0.37092391304347844 0.9528846153846153 0.31250000000000017 0.9528846153846153 0.31250000000000017 0.9701923076923077 0.37092391304347844 0.9701923076923077
1 0.44429347826086973 0.9548076923076924 0.3831521739130436 0.9548076923076924 0.3831521739130436 0.9701923076923077 0.44429347826086973 0.9701923076923077
1 0.8301630434782612 0.9211538461538461 0.6222826086956523 0.9211538461538461 0.6222826086956523 0.9423076923076923 0.8301630434782612 0.9423076923076923
1 0.7404891304347826 0.42115384615384627 0.71875 0.42115384615384627 0.71875 0.5384615384615384 0.7404891304347826 0.5384615384615384
1 0.7432065217391305 0.2653846153846155 0.7160326086956522 0.2653846153846155 0.7160326086956522 0.3875000000000001 0.7432065217391305 0.3875000000000001
0 0.3654891304347826 0.011538461538461562 0.1793478260869565 0.011538461538461555 0.1793478260869565 0.14423076923076925 0.3654891304347826 0.14423076923076927
0 0.36277173913043476 0.12596153846153849 0.1766304347826087 0.12596153846153846 0.17663043478260873 0.3326923076923077 0.36277173913043476 0.3326923076923077
0 0.3654891304347827 0.3923076923076923 0.17798913043478268 0.3923076923076923 0.17798913043478268 0.5951923076923077 0.36548913043478276 0.5951923076923077
0 0.7581521739130435 0.011538461538461584 0.3328804347826087 0.011538461538461565 0.33288043478260876 0.26057692307692315 0.7581521739130435 0.2605769230769232
0 0.7595108695652174 0.239423076923077 0.4470108695652174 0.239423076923077 0.4470108695652174 0.41250000000000003 0.7595108695652174 0.4125000000000001
0 0.8953804347826086 0.5461538461538461 0.5638586956521741 0.5461538461538461 0.5638586956521741 0.7480769230769231 0.8953804347826086 0.7480769230769231
0 0.8994565217391306 0.7230769230769231 0.5638586956521741 0.7230769230769231 0.5638586956521741 0.9442307692307692 0.8994565217391307 0.9442307692307692
0 0.5869565217391306 0.5778846153846153 0.17798913043478268 0.5778846153846153 0.17798913043478273 0.9730769230769231 0.5869565217391306 0.9730769230769231
0 0.7600434782608696 0.39268269230769237 0.4429701086956522 0.3926826923076923 0.4429701086956523 0.6038740384615384 0.7600434782608696 0.6038740384615384