1 0.7445652173913043 0.09174311926605509 0.6766304347826086 0.09174311926605509 0.6766304347826086 0.1001529051987768 0.7445652173913043 0.1001529051987768
1 0.9252717391304348 0.23547400611620803 0.9116847826086957 0.23547400611620803 0.9116847826086957 0.2721712538226301 0.9252717391304348 0.2721712538226301
1 0.9239130434782609 0.3799694189602447 0.9116847826086957 0.3799694189602447 0.9116847826086957 0.4166666666666667 0.9239130434782609 0.4166666666666667
1 0.9239130434782609 0.4694189602446483 0.9116847826086957 0.4694189602446483 0.9116847826086957 0.5206422018348624 0.9239130434782609 0.5206422018348624
1 0.9266304347826086 0.6253822629969419 0.9130434782608695 0.6253822629969419 0.9130434782608695 0.6636085626911316 0.9266304347826086 0.6636085626911316
1 0.9279891304347829 0.7614678899082569 0.9103260869565221 0.7614678899082569 0.9103260869565221 0.7996941896024465 0.9279891304347829 0.7996941896024465
1 0.7649456521739133 0.827217125382263 0.7065217391304351 0.827217125382263 0.7065217391304351 0.8348623853211009 0.7649456521739133 0.8348623853211009
1 0.548913043478261 0.8264525993883792 0.5135869565217392 0.8264525993883792 0.5135869565217392 0.8356269113149847 0.548913043478261 0.8356269113149847
1 0.4524456521739132 0.8264525993883792 0.4157608695652176 0.8264525993883792 0.4157608695652176 0.8363914373088684 0.4524456521739132 0.8363914373088684
1 0.26766304347826103 0.8264525993883792 0.19836956521739146 0.8264525993883792 0.19836956521739146 0.8371559633027523 0.26766304347826103 0.8371559633027523
1 0.05706521739130449 0.650611620795107 0.04211956521739145 0.650611620795107 0.04211956521739146 0.6888379204892966 0.057065217391304504 0.6888379204892966
1 0.058423913043478375 0.4954128440366973 0.044836956521739246 0.4954128440366973 0.044836956521739246 0.5336391437308868 0.058423913043478375 0.5336391437308868
1 0.05842391304347834 0.36850152905198774 0.044836956521739205 0.36850152905198774 0.044836956521739205 0.3937308868501529 0.05842391304347834 0.3937308868501529
1 0.058423913043478326 0.30275229357798167 0.0461956521739131 0.30275229357798167 0.04619565217391311 0.34174311926605505 0.05842391304347834 0.34174311926605505
1 0.29483695652173914 0.09174311926605506 0.22554347826086957 0.09174311926605506 0.22554347826086957 0.09938837920489296 0.29483695652173914 0.09938837920489296
0 0.34782608695652184 0.2775229357798165 0.03804347826086962 0.2775229357798165 0.03804347826086964 0.4090214067278288 0.3478260869565219 0.4090214067278288
0 0.4456521739130436 0.5894495412844036 0.03804347826086969 0.5894495412844036 0.03804347826086972 0.8409785932721713 0.4456521739130436 0.8409785932721713
0 0.9320652173913045 0.5886850152905199 0.4456521739130436 0.5886850152905199 0.4456521739130436 0.8409785932721713 0.9320652173913047 0.8409785932721713
0 0.6766304347826089 0.43119266055045874 0.5203804347826089 0.43119266055045874 0.5203804347826089 0.5986238532110092 0.6766304347826089 0.5986238532110092
0 0.9320652173913043 0.43119266055045874 0.6576086956521741 0.43119266055045874 0.6576086956521741 0.5986238532110092 0.9320652173913043 0.5986238532110092
0 0.9307065217391305 0.21100917431192664 0.5217391304347826 0.21100917431192662 0.5217391304347827 0.4418960244648318 0.9307065217391305 0.4418960244648318
0 0.9320652173913043 0.08944954128440373 0.7527173913043478 0.08944954128440372 0.7527173913043478 0.2201834862385322 0.9320652173913043 0.2201834862385322
0 0.7663043478260869 0.08944954128440372 0.5217391304347826 0.08944954128440372 0.5217391304347826 0.22094801223241595 0.7663043478260869 0.220948012232416
0 0.26902173913043487 0.3983180428134557 0.04347826086956529 0.3983180428134557 0.043478260869565306 0.44036697247706424 0.26902173913043487 0.44036697247706424
0 0.26630434782608703 0.24770642201834864 0.04347826086956528 0.24770642201834864 0.04347826086956528 0.286697247706422 0.26630434782608703 0.286697247706422
0 0.4459986413043479 0.08930351681957187 0.03735042008460449 0.0888291164658194 0.03660831594259015 0.29122869551729075 0.44525653716233354 0.2917030958710432
0 0.44673369565217397 0.3997989296636086 0.03894315640982965 0.3993256266100479 0.038207880434782744 0.5999059633027523 0.44599841967712706 0.600379266356313