1 0.6068027210884356 0.6631878557874763 0.5034013605442178 0.6631878557874763 0.5034013605442178 0.6764705882352942 0.6068027210884356 0.6764705882352942
1 0.3442176870748301 0.8282732447817837 0.24353741496598655 0.8282732447817837 0.24353741496598655 0.8396584440227703 0.3442176870748301 0.8396584440227703
1 0.10884353741496611 0.6195445920303605 0.08979591836734706 0.6195445920303605 0.08979591836734706 0.6612903225806451 0.10884353741496611 0.6612903225806451
1 0.11020408163265316 0.4905123339658444 0.08843537414965993 0.4905123339658444 0.08843537414965996 0.5645161290322581 0.11020408163265318 0.5645161290322581
1 0.11156462585034019 0.32732447817836813 0.08571428571428577 0.32732447817836813 0.08571428571428578 0.3984819734345351 0.11156462585034022 0.3984819734345351
1 0.10884353741496602 0.2286527514231499 0.09115646258503406 0.2286527514231499 0.09115646258503406 0.2685009487666034 0.10884353741496602 0.2685009487666034
0 0.41496598639455795 0.6584440227703985 0.17006802721088446 0.6584440227703985 0.1700680272108845 0.8453510436432637 0.41496598639455795 0.8453510436432637
0 0.32789115646258515 0.6015180265654649 0.08299319727891166 0.6015180265654649 0.08299319727891168 0.6793168880455408 0.3278911564625852 0.6793168880455408
0 0.3278911564625851 0.43548387096774194 0.08435374149659872 0.43548387096774194 0.08435374149659873 0.6157495256166983 0.3278911564625851 0.6157495256166983
0 0.32653061224489804 0.27229601518026564 0.08435374149659867 0.27229601518026564 0.0843537414965987 0.45825426944971537 0.32653061224489804 0.45825426944971537
0 0.32517006802721093 0.20493358633776093 0.08435374149659867 0.2049335863377609 0.08435374149659869 0.2903225806451613 0.32517006802721093 0.2903225806451613
0 0.42448979591836733 0.20398481973434537 0.3006802721088435 0.20398481973434535 0.30068027210884357 0.40132827324478176 0.42448979591836733 0.40132827324478176
0 0.6380952380952382 0.3851992409867173 0.3741496598639456 0.38519924098671726 0.37414965986394566 0.681214421252372 0.6380952380952383 0.681214421252372