1 0.3396739130434783 0.8347578347578347 0.22961956521739138 0.8347578347578347 0.22961956521739138 0.8603988603988604 0.3396739130434783 0.8603988603988604
1 0.19565217391304354 0.5897435897435898 0.17527173913043487 0.5897435897435898 0.17527173913043487 0.7663817663817664 0.19565217391304354 0.7663817663817664
1 0.19565217391304351 0.3005698005698006 0.17391304347826086 0.3005698005698006 0.17391304347826092 0.4202279202279202 0.19565217391304354 0.4202279202279202
1 0.7160326086956522 0.2578347578347579 0.6956521739130435 0.2578347578347579 0.6956521739130435 0.3789173789173791 0.7160326086956522 0.3789173789173791
1 0.7160326086956522 0.47008547008547025 0.6956521739130435 0.47008547008547025 0.6956521739130435 0.5726495726495728 0.7160326086956522 0.5726495726495728
1 0.6752717391304349 0.8376068376068376 0.5067934782608697 0.8376068376068376 0.5067934782608697 0.8561253561253561 0.6752717391304349 0.8561253561253561
0 0.4578804347826087 0.17094017094017097 0.16983695652173916 0.17094017094017097 0.1698369565217392 0.5470085470085471 0.4578804347826087 0.5470085470085471
0 0.7296195652173914 0.16951566951566957 0.42527173913043476 0.16951566951566954 0.42527173913043476 0.45299145299145305 0.7296195652173914 0.45299145299145316
0 0.7282608695652174 0.425925925925926 0.5081521739130435 0.42592592592592593 0.5081521739130435 0.6424501424501425 0.7282608695652174 0.6424501424501426
0 0.7282608695652174 0.6111111111111112 0.4361413043478261 0.6111111111111112 0.43614130434782616 0.8632478632478633 0.7282608695652174 0.8632478632478633
0 0.4497282608695653 0.5185185185185185 0.1684782608695653 0.5185185185185185 0.16847826086956533 0.8660968660968661 0.44972826086956535 0.8660968660968661