1 0.685 0.1755725190839695 0.665 0.1755725190839695 0.665 0.25190839694656497 0.685 0.25190839694656497
1 0.6825 0.39122137404580165 0.6625 0.39122137404580165 0.6625 0.4332061068702291 0.6825 0.4332061068702291
1 0.5975000000000001 0.799618320610687 0.4525000000000001 0.799618320610687 0.4525000000000001 0.816793893129771 0.5975000000000001 0.816793893129771
1 0.30750000000000016 0.7977099236641222 0.16000000000000014 0.7977099236641222 0.16000000000000014 0.8129770992366412 0.30750000000000016 0.8129770992366412
1 0.09750000000000007 0.41412213740458015 0.07500000000000007 0.41412213740458015 0.07500000000000008 0.5248091603053435 0.09750000000000007 0.5248091603053435
1 0.10000000000000003 0.18893129770992367 0.07500000000000004 0.18893129770992367 0.07500000000000004 0.30343511450381677 0.10000000000000003 0.30343511450381677
0 0.3925 0.12595419847328246 0.07250000000000002 0.12595419847328243 0.07250000000000004 0.366412213740458 0.3925 0.366412213740458
0 0.6975 0.3492366412213741 0.45 0.34923664122137404 0.45000000000000007 0.4694656488549619 0.6975 0.46946564885496195
0 0.39500000000000013 0.5687022900763359 0.07250000000000009 0.5687022900763359 0.0725000000000001 0.8187022900763359 0.39500000000000013 0.8187022900763359
0 0.3950000000000001 0.3473282442748092 0.07000000000000005 0.3473282442748092 0.07000000000000008 0.5916030534351145 0.39500000000000013 0.5916030534351145
0 0.698745 0.1260744274809161 0.35918999999999995 0.1260744274809161 0.35918999999999995 0.3764599236641222 0.698745 0.37645992366412223
0 0.698745 0.4496374045801528 0.3591900000000001 0.4496374045801527 0.3591900000000001 0.8225706106870229 0.698745 0.8225706106870229