1 0.8072100313479624 0.22616407982261647 0.7821316614420063 0.22616407982261647 0.7821316614420063 0.32705099778270524 0.8072100313479624 0.32705099778270524
1 0.8072100313479624 0.4467849223946786 0.7836990595611285 0.4467849223946786 0.7836990595611286 0.5454545454545455 0.8072100313479624 0.5454545454545455
1 0.7460815047021946 0.8015521064301552 0.6285266457680253 0.8015521064301552 0.6285266457680253 0.8181818181818182 0.7460815047021946 0.8181818181818182
1 0.22257053291536058 0.6518847006651884 0.19278996865203776 0.6518847006651884 0.19278996865203776 0.7516629711751663 0.22257053291536058 0.7516629711751663
1 0.2147335423197493 0.5044345898004434 0.19122257053291544 0.5044345898004434 0.19122257053291544 0.5709534368070953 0.2147335423197493 0.5709534368070953
1 0.22413793103448285 0.3303769401330377 0.19278996865203765 0.3303769401330377 0.19278996865203768 0.4268292682926829 0.22413793103448285 0.4268292682926829
1 0.21473354231974923 0.18292682926829268 0.19278996865203765 0.18292682926829268 0.19278996865203765 0.25055432372505543 0.21473354231974923 0.25055432372505543
0 0.5329153605015674 0.14412416851441245 0.17868338557993735 0.14412416851441243 0.17868338557993735 0.2860310421286031 0.5329153605015674 0.2860310421286031
0 0.5313479623824452 0.25831485587583153 0.17711598746081508 0.2583148558758315 0.1771159874608151 0.4878048780487805 0.5313479623824452 0.4878048780487805
0 0.4341692789968653 0.4634146341463415 0.17554858934169287 0.4634146341463415 0.17554858934169287 0.6119733924611973 0.43416927899686536 0.6119733924611973
0 0.5313479623824453 0.582039911308204 0.17554858934169287 0.582039911308204 0.1755485893416929 0.8270509977827051 0.5313479623824453 0.8270509977827051
0 0.8181818181818182 0.5864745011086474 0.5015673981191224 0.5864745011086474 0.5015673981191224 0.8292682926829268 0.8181818181818182 0.8292682926829268
0 0.8213166144200627 0.3891352549889136 0.5047021943573667 0.38913525498891355 0.5047021943573669 0.6164079822616408 0.8213166144200627 0.6164079822616408
0 0.8197492163009404 0.14412416851441248 0.5031347962382445 0.14412416851441248 0.5031347962382445 0.4113082039911309 0.8197492163009404 0.41130820399113094