1 0.17679558011049729 0.22797927461139897 0.14548802946593006 0.22797927461139897 0.14548802946593006 0.30259067357512953 0.17679558011049729 0.30259067357512953
1 0.16942909760589328 0.39689119170984455 0.14548802946593012 0.39689119170984455 0.14548802946593012 0.43937823834196893 0.16942909760589328 0.43937823834196893
1 0.16942909760589328 0.5046632124352332 0.14732965009208113 0.5046632124352332 0.14732965009208113 0.5792746113989637 0.16942909760589328 0.5792746113989637
1 0.17127071823204434 0.6704663212435233 0.14732965009208118 0.6704663212435233 0.14732965009208118 0.7160621761658031 0.17127071823204434 0.7160621761658031
1 0.30018416206261533 0.8849740932642487 0.19152854511970555 0.8849740932642487 0.19152854511970555 0.9036269430051813 0.30018416206261533 0.9036269430051813
1 0.9355432780847147 0.6901554404145078 0.6906077348066301 0.6901554404145078 0.6906077348066301 0.7025906735751295 0.9355432780847147 0.7025906735751295
0 0.5340699815837937 0.1512953367875648 0.14364640883977906 0.15129533678756477 0.14364640883977908 0.3761658031088083 0.5340699815837937 0.3761658031088083
0 0.42541436464088406 0.3533678756476684 0.13812154696132603 0.3533678756476684 0.13812154696132606 0.45595854922279794 0.42541436464088406 0.45595854922279794
0 0.5340699815837938 0.43626943005181346 0.13627992633517505 0.43626943005181346 0.13627992633517508 0.6476683937823834 0.5340699815837939 0.6476683937823834
0 0.3830570902394108 0.6259067357512953 0.1381215469613261 0.6259067357512953 0.1381215469613261 0.7295336787564767 0.38305709023941087 0.7295336787564767
0 0.994475138121547 0.505699481865285 0.5046040515653777 0.505699481865285 0.5046040515653777 0.705699481865285 0.994475138121547 0.705699481865285
0 0.998158379373849 0.20103626943005187 0.4972375690607735 0.20103626943005187 0.4972375690607735 0.3720207253886011 0.998158379373849 0.37202072538860115
0 1 0.3720207253886011 0.5046040515653776 0.37202072538860104 0.5046040515653777 0.5067357512953369 1 0.5067357512953369
0 0.4887661141804788 0.9070860103626943 0.4858449473149554 0.6876925022481843 0.1356403063412057 0.6891688869039426 0.1385614732067291 0.9085623950184526