1 0.1346469622331692 0.2325 0.11658456486042698 0.2325 0.11658456486042698 0.2791666666666667 0.1346469622331692 0.2791666666666667
1 0.13628899835796396 0.2941666666666667 0.11494252873563228 0.2941666666666667 0.11494252873563228 0.34 0.13628899835796396 0.34
1 0.13136288998357978 0.5941666666666666 0.11822660098522181 0.5941666666666666 0.11822660098522181 0.6733333333333333 0.13136288998357978 0.6733333333333333
1 0.13628899835796407 0.7816666666666666 0.11658456486042712 0.7816666666666666 0.11658456486042712 0.8591666666666666 0.13628899835796407 0.8591666666666666
1 0.25944170771756997 0.8941666666666667 0.21510673234811184 0.8941666666666667 0.21510673234811184 0.9008333333333334 0.25944170771756997 0.9008333333333334
1 0.36781609195402315 0.895 0.3316912972085388 0.895 0.3316912972085388 0.9016666666666666 0.36781609195402315 0.9016666666666666
1 0.711001642036125 0.78 0.697865353037767 0.78 0.697865353037767 0.8591666666666666 0.711001642036125 0.8591666666666666
1 0.7093596059113302 0.6008333333333333 0.6995073891625617 0.6008333333333333 0.6995073891625617 0.6716666666666666 0.7093596059113302 0.6716666666666666
1 0.711001642036125 0.53 0.7011494252873565 0.53 0.7011494252873565 0.555 0.711001642036125 0.555
1 0.711001642036125 0.4058333333333333 0.6962233169129722 0.4058333333333333 0.6962233169129722 0.45416666666666666 0.711001642036125 0.45416666666666666
1 0.7110016420361248 0.2916666666666667 0.6978653530377669 0.2916666666666667 0.6978653530377669 0.3408333333333333 0.7110016420361248 0.3408333333333333
1 0.7110016420361248 0.2325 0.6995073891625616 0.2325 0.6995073891625616 0.2816666666666667 0.7110016420361248 0.2816666666666667
1 0.6075533661740559 0.06000000000000003 0.5123152709359606 0.060000000000000026 0.5123152709359606 0.0641666666666667 0.6075533661740559 0.06416666666666672
1 0.3169129720853859 0.060000000000000026 0.22167487684729065 0.060000000000000026 0.22167487684729065 0.06416666666666669 0.3169129720853859 0.06416666666666669
1 0.12807881773399024 0.4058333333333333 0.11986863711001651 0.4058333333333333 0.11986863711001651 0.4533333333333333 0.12807881773399024 0.4533333333333333
0 0.7093596059113302 0.5725 0.4515599343185552 0.5725 0.4515599343185552 0.7375 0.7093596059113302 0.7375
0 0.9277504105090312 0.059166666666666715 0.7011494252873564 0.059166666666666715 0.7011494252873564 0.1658333333333334 0.9277504105090312 0.1658333333333334
0 0.7093596059113301 0.2225 0.4548440065681445 0.2225 0.4548440065681445 0.28833333333333333 0.7093596059113301 0.28833333333333333
0 0.7077175697865353 0.2841666666666667 0.451559934318555 0.2841666666666667 0.451559934318555 0.3525 0.7077175697865353 0.3525
0 0.7093596059113302 0.3466666666666667 0.45320197044334976 0.3466666666666667 0.45320197044334987 0.5116666666666667 0.7093596059113302 0.5116666666666667
0 0.7093596059113302 0.51 0.517241379310345 0.51 0.517241379310345 0.575 0.7093596059113302 0.575
0 0.711001642036125 0.7333333333333333 0.11986863711001661 0.7333333333333333 0.11986863711001663 0.9 0.711001642036125 0.9
0 0.3760262725779968 0.3475 0.11986863711001651 0.3475 0.11986863711001654 0.5133333333333333 0.3760262725779968 0.5133333333333333
0 0.37438423645320207 0.285 0.11986863711001647 0.285 0.1198686371100165 0.35 0.37438423645320207 0.35
0 0.3760262725779968 0.22333333333333333 0.11986863711001647 0.22333333333333333 0.11986863711001647 0.28833333333333333 0.3760262725779968 0.28833333333333333
0 0.5248111658456487 0.5095050000000001 0.11875052660258553 0.5090833368641473 0.1178465897169816 0.7332832609900257 0.5239072289600448 0.7337049241258784
0 0.42015482945224214 0.058970336191230786 0.11903448275862069 0.058584166666666666 0.1182034824939765 0.22547610532473883 0.419323829187598 0.2258622748493029
0 0.7077947454844007 0.05923250000000003 0.4122545155993432 0.05923250000000002 0.41225451559934323 0.22641666666666665 0.7077947454844007 0.22641666666666665