1 0.71875 0.17826086956521744 0.7024456521739131 0.17826086956521744 0.7024456521739131 0.26739130434782615 0.71875 0.26739130434782615
1 0.717391304347826 0.31956521739130445 0.7051630434782609 0.31956521739130445 0.7051630434782609 0.36521739130434794 0.717391304347826 0.36521739130434794
1 0.71875 0.3923913043478262 0.7038043478260869 0.3923913043478262 0.7038043478260869 0.44021739130434795 0.71875 0.44021739130434795
1 0.717391304347826 0.4945652173913045 0.7038043478260869 0.4945652173913045 0.7038043478260869 0.5630434782608695 0.717391304347826 0.5630434782608695
1 0.4524456521739132 0.7641304347826087 0.33288043478260887 0.7641304347826087 0.33288043478260887 0.7793478260869565 0.4524456521739132 0.7793478260869565
1 0.37907608695652173 0.3978260869565217 0.2717391304347827 0.3978260869565217 0.2717391304347827 0.4076086956521739 0.37907608695652173 0.4076086956521739
0 0.7228260869565217 0.2989130434782609 0.5271739130434783 0.29891304347826086 0.5271739130434783 0.3880434782608696 0.7228260869565217 0.3880434782608697
0 0.7214673913043478 0.37065217391304356 0.5271739130434783 0.3706521739130435 0.5271739130434783 0.457608695652174 0.7214673913043478 0.45760869565217405
0 0.7228260869565217 0.4456521739130435 0.5271739130434783 0.44565217391304346 0.5271739130434784 0.6152173913043478 0.7228260869565217 0.6152173913043478
0 0.47010869565217406 0.558695652173913 0.25815217391304357 0.558695652173913 0.25815217391304357 0.7815217391304348 0.47010869565217406 0.7815217391304348
0 0.47826086956521746 0.3923913043478261 0.25815217391304357 0.3923913043478261 0.25815217391304357 0.5619565217391305 0.4782608695652176 0.5619565217391305
0 0.7202146739130434 0.12933369565217398 0.465125 0.12933369565217395 0.465125 0.3922413043478261 0.7202146739130434 0.39224130434782617