1 0.4171195652173913 0.07518115942028988 0.26358695652173914 0.07518115942028988 0.26358695652173914 0.08514492753623192 0.4171195652173913 0.08514492753623192
1 0.14945652173913052 0.3333333333333333 0.1372282608695653 0.3333333333333333 0.1372282608695653 0.3759057971014493 0.14945652173913052 0.3759057971014493
1 0.14809782608695662 0.45471014492753625 0.13586956521739138 0.45471014492753625 0.1358695652173914 0.5452898550724637 0.14809782608695662 0.5452898550724637
1 0.14945652173913054 0.6259057971014492 0.1358695652173914 0.6259057971014492 0.1358695652173914 0.6657608695652174 0.14945652173913054 0.6657608695652174
1 0.40760869565217406 0.8804347826086957 0.27038043478260887 0.8804347826086957 0.27038043478260887 0.8867753623188406 0.40760869565217406 0.8867753623188406
1 0.8790760869565217 0.24728260869565227 0.8682065217391305 0.24728260869565227 0.8682065217391305 0.32608695652173925 0.8790760869565217 0.32608695652173925
1 0.876358695652174 0.49818840579710144 0.8668478260869565 0.49818840579710144 0.8668478260869565 0.5896739130434783 0.876358695652174 0.5896739130434783
0 0.44972826086956524 0.30344202898550726 0.13586956521739135 0.30344202898550726 0.13586956521739135 0.4057971014492754 0.44972826086956524 0.4057971014492754
0 0.45380434782608703 0.39311594202898553 0.13179347826086965 0.39311594202898553 0.13179347826086965 0.605072463768116 0.4538043478260871 0.605072463768116
0 0.4524456521739132 0.5914855072463768 0.13179347826086968 0.5914855072463768 0.13179347826086968 0.6992753623188406 0.4524456521739132 0.6992753623188406
0 0.5461956521739132 0.6847826086956522 0.13179347826086968 0.6847826086956522 0.1317934782608697 0.8922101449275363 0.5461956521739132 0.8922101449275363
0 0.8872282608695652 0.4030797101449276 0.5271739130434783 0.40307971014492755 0.5271739130434784 0.7952898550724637 0.8872282608695652 0.7952898550724637
0 0.8899456521739131 0.16938405797101455 0.5271739130434783 0.16938405797101455 0.5271739130434783 0.4057971014492754 0.8899456521739131 0.40579710144927544
0 0.5470855978260871 0.07022192028985512 0.12898469077843908 0.06963143447766888 0.12790996251756942 0.40784248520230654 0.5460108695652174 0.4084329710144928