1 0.9089673913043478 0.17799847211611922 0.9035326086956522 0.17799847211611922 0.9035326086956522 0.2077922077922079 0.9089673913043478 0.2077922077922079
1 0.9103260869565217 0.28877005347593593 0.9035326086956522 0.28877005347593593 0.9035326086956522 0.31856378915202455 0.9103260869565217 0.31856378915202455
1 0.24456521739130435 0.11841100076394194 0.11820652173913047 0.11841100076394194 0.11820652173913047 0.12146676852559206 0.24456521739130435 0.12146676852559206
1 0.45108695652173914 0.11764705882352945 0.32472826086956524 0.11764705882352945 0.32472826086956524 0.12299465240641716 0.45108695652173914 0.12299465240641716
1 0.08016304347826093 0.29411764705882354 0.07201086956521745 0.29411764705882354 0.07201086956521746 0.33995416348357527 0.08016304347826095 0.33995416348357527
1 0.08152173913043485 0.3575248281130634 0.07336956521739138 0.3575248281130634 0.07336956521739138 0.37662337662337664 0.08152173913043485 0.37662337662337664
1 0.0828804347826088 0.4507257448433919 0.0733695652173914 0.4507257448433919 0.07336956521739141 0.5225362872421696 0.08288043478260881 0.5225362872421696
1 0.5883152173913045 0.760122230710466 0.5788043478260871 0.760122230710466 0.5788043478260871 0.7906799083269671 0.5883152173913045 0.7906799083269671
1 0.9103260869565221 0.7242169595110771 0.9021739130434786 0.7242169595110771 0.9021739130434786 0.7899159663865546 0.9103260869565221 0.7899159663865546
1 0.9103260869565217 0.5286478227654698 0.9021739130434783 0.5286478227654698 0.9021739130434783 0.5943468296409473 0.9103260869565217 0.5943468296409473
1 0.6834239130434783 0.11841100076394198 0.6114130434782609 0.11841100076394198 0.6114130434782609 0.12223071046600463 0.6834239130434783 0.12223071046600463
0 0.9144021739130437 0.6157372039724981 0.5774456521739132 0.6157372039724981 0.5774456521739132 0.8204736440030558 0.9144021739130438 0.8204736440030558
0 0.9103260869565217 0.4950343773873186 0.580163043478261 0.4950343773873186 0.580163043478261 0.6165011459129106 0.9103260869565217 0.6165011459129106
0 0.2459239130434784 0.533231474407945 0.06929347826086968 0.533231474407945 0.06929347826086969 0.6249045072574484 0.2459239130434784 0.6249045072574484
0 0.5883152173913045 0.4110007639419404 0.34239130434782616 0.4110007639419404 0.3423913043478262 0.6249045072574484 0.5883152173913045 0.6249045072574484
0 0.19701086956521746 0.346829640947288 0.07065217391304356 0.346829640947288 0.07065217391304356 0.387318563789152 0.19701086956521746 0.387318563789152
0 0.29295516304347835 0.2606791443850267 0.06862092391304354 0.2606791443850267 0.06862092391304354 0.35367303284950347 0.29295516304347835 0.35367303284950347
0 0.2336956521739131 0.3812070282658518 0.06929347826086964 0.3812070282658518 0.06929347826086965 0.4369747899159664 0.2336956521739131 0.4369747899159664
0 0.35054347826086973 0.4293353705118411 0.06929347826086966 0.4293353705118411 0.06929347826086966 0.5431627196333079 0.35054347826086973 0.5431627196333079
0 0.5923913043478262 0.24980901451489687 0.27581521739130443 0.24980901451489687 0.27581521739130443 0.41711229946524064 0.5923913043478263 0.41711229946524064
0 0.2920267927193207 0.2910828520131923 0.2919588579430595 0.1143609433915244 0.06850815218026053 0.1143880990177515 0.06857608695652175 0.2911100076394194
0 0.5002413364961041 0.11608072046687107 0.27654319991209453 0.11589714558364654 0.27617686341599057 0.2570226894406869 0.4998750000000001 0.2572062643239114
0 0.9130434782608695 0.11688311688311692 0.6793478260869565 0.11688311688311692 0.6793478260869565 0.17799847211611922 0.9130434782608695 0.17799847211611922
0 0.6934347324681407 0.1145961392509484 0.48559374999999994 0.1140947288006112 0.4844949661933361 0.2580827592997764 0.6923359486614769 0.25858416975011367
0 0.9171195652173914 0.17112299465240646 0.6046195652173914 0.17112299465240646 0.6046195652173914 0.32696715049656233 0.9171195652173914 0.32696715049656233