1 0.6516666666666666 0.008888888888888934 0.485 0.008888888888888929 0.485 0.018888888888888938 0.6516666666666666 0.018888888888888945
1 0.45666666666666667 0.008888888888888922 0.41 0.00888888888888892 0.41 0.018888888888888924 0.45666666666666667 0.018888888888888927
1 0.37666666666666665 0.008888888888888918 0.3383333333333333 0.008888888888888917 0.3383333333333333 0.018888888888888917 0.37666666666666665 0.01888888888888892
1 0.215 0.008888888888888904 0.17666666666666667 0.008888888888888904 0.17666666666666667 0.018888888888888903 0.215 0.018888888888888903
1 0.11333333333333336 0.10777777777777778 0.09333333333333335 0.10777777777777778 0.09333333333333335 0.13444444444444445 0.11333333333333338 0.13444444444444445
1 0.11166666666666672 0.17777777777777778 0.09333333333333335 0.17777777777777778 0.09333333333333337 0.24222222222222223 0.11166666666666672 0.24222222222222223
1 0.11166666666666673 0.3522222222222222 0.09500000000000007 0.3522222222222222 0.09500000000000007 0.40444444444444444 0.11166666666666676 0.40444444444444444
1 0.11166666666666676 0.46111111111111114 0.09333333333333343 0.46111111111111114 0.09333333333333343 0.5266666666666666 0.11166666666666676 0.5266666666666666
1 0.11333333333333345 0.59 0.09333333333333345 0.59 0.09333333333333345 0.6555555555555556 0.11333333333333348 0.6555555555555556
1 0.11500000000000014 0.7188888888888889 0.09333333333333348 0.7188888888888889 0.09333333333333348 0.8311111111111111 0.11500000000000014 0.8311111111111111
1 0.3300000000000002 0.9788888888888889 0.16166666666666685 0.9788888888888889 0.16166666666666685 0.9922222222222222 0.3300000000000002 0.9922222222222222
0 0.32333333333333336 0.14222222222222222 0.08000000000000003 0.14222222222222222 0.08000000000000003 0.29888888888888887 0.3233333333333334 0.29888888888888887
0 0.3233333333333334 0.28444444444444444 0.07833333333333338 0.28444444444444444 0.0783333333333334 0.42 0.3233333333333334 0.42
0 0.3233333333333334 0.4033333333333333 0.07833333333333341 0.4033333333333333 0.07833333333333342 0.56 0.3233333333333334 0.56
0 0.39666666666666683 0.6777777777777778 0.08000000000000011 0.6777777777777778 0.08000000000000014 0.8688888888888889 0.39666666666666683 0.8688888888888889
0 0.40166666666666684 0.8511111111111112 0.07666666666666683 0.8511111111111112 0.07666666666666684 0.9922222222222222 0.40166666666666684 0.9922222222222222
0 0.9116666666666666 0.6311111111111111 0.6933333333333335 0.6311111111111111 0.6933333333333335 0.6944444444444444 0.9116666666666666 0.6944444444444444
0 0.9133333333333333 0.42666666666666675 0.6933333333333334 0.4266666666666667 0.6933333333333335 0.6466666666666666 0.9133333333333333 0.6466666666666666
0 0.7016666666666668 0.29 0.3733333333333334 0.29 0.3733333333333334 0.6955555555555556 0.7016666666666669 0.6955555555555556
0 0.7016666666666667 0.19666666666666674 0.5116666666666667 0.19666666666666674 0.5116666666666667 0.3022222222222222 0.7016666666666667 0.3022222222222222
0 0.5366666666666666 0.26333333333333336 0.3750000000000001 0.2633333333333333 0.3750000000000001 0.3 0.5366666666666666 0.3
0 0.4166666666666667 0.09000000000000004 0.3016666666666667 0.09000000000000004 0.3016666666666667 0.21444444444444447 0.4166666666666667 0.21444444444444452
0 0.7035966666666666 0.2193188888888889 0.7016950000000001 0.003168888888888889 0.3775182279311123 0.004436478086824496 0.37941989459777903 0.22058647808682452
0 0.39933833333333335 0.002535555555555575 0.08367166666666667 0.0025355555555555626 0.08367166666666669 0.1552988888888889 0.39933833333333335 0.15529888888888893
0 0.3979966666666668 0.5108522222222223 0.08644333333333344 0.5108522222222223 0.08644333333333346 0.6969433333333334 0.3979966666666668 0.6969433333333334