1 0.7690217391304348 0.14391447368421056 0.7595108695652174 0.14391447368421056 0.7595108695652174 0.20559210526315794 0.7690217391304348 0.20559210526315794
1 0.7690217391304348 0.27138157894736853 0.7608695652173914 0.27138157894736853 0.7608695652173914 0.3330592105263159 0.7690217391304348 0.3330592105263159
1 0.7676630434782609 0.3947368421052633 0.7595108695652174 0.3947368421052633 0.7595108695652174 0.45476973684210525 0.7676630434782609 0.45476973684210525
1 0.7690217391304348 0.5361842105263158 0.7595108695652174 0.5361842105263158 0.7595108695652174 0.6282894736842105 0.7690217391304348 0.6282894736842105
1 0.7690217391304349 0.7467105263157895 0.7595108695652174 0.7467105263157895 0.7595108695652175 0.837171052631579 0.7690217391304351 0.837171052631579
1 0.39809782608695665 0.8700657894736842 0.24728260869565233 0.8700657894736842 0.24728260869565233 0.875 0.39809782608695665 0.875
1 0.15760869565217406 0.7467105263157895 0.14809782608695668 0.7467105263157895 0.14809782608695668 0.837171052631579 0.15760869565217406 0.837171052631579
1 0.15760869565217403 0.5666118421052632 0.14809782608695662 0.5666118421052632 0.14809782608695662 0.6578947368421053 0.15760869565217403 0.6578947368421053
1 0.15625000000000008 0.39473684210526316 0.1480978260869566 0.39473684210526316 0.1480978260869566 0.45476973684210525 0.15625000000000008 0.45476973684210525
1 0.15625000000000006 0.2713815789473684 0.14809782608695657 0.2713815789473684 0.14809782608695657 0.3314144736842105 0.15625000000000008 0.3314144736842105
1 0.33559782608695654 0.07483552631578949 0.23505434782608695 0.07483552631578949 0.23505434782608695 0.07976973684210528 0.33559782608695654 0.07976973684210528
0 0.4266304347826087 0.0723684210526316 0.14130434782608695 0.07236842105263158 0.14130434782608697 0.26644736842105265 0.4266304347826087 0.26644736842105265
0 0.7744565217391305 0.2565789473684211 0.485054347826087 0.2565789473684211 0.485054347826087 0.3486842105263158 0.7744565217391305 0.3486842105263159
0 0.42527173913043476 0.25411184210526316 0.141304347826087 0.25411184210526316 0.141304347826087 0.3470394736842105 0.42527173913043476 0.3470394736842105
0 0.7744565217391305 0.3363486842105264 0.4891304347826087 0.3363486842105263 0.48913043478260876 0.5230263157894737 0.7744565217391305 0.5230263157894737
0 0.42663043478260876 0.3371710526315789 0.1399456521739131 0.3371710526315789 0.13994565217391314 0.5254934210526315 0.42663043478260887 0.5254934210526315
0 0.7744565217391305 0.5115131578947368 0.48641304347826103 0.5115131578947368 0.48641304347826103 0.7064144736842105 0.7744565217391305 0.7064144736842105
0 0.7744565217391306 0.6932565789473685 0.14538043478260884 0.6932565789473685 0.14538043478260887 0.8758223684210527 0.7744565217391307 0.8758223684210527
0 0.5013586956521741 0.5148026315789473 0.14130434782608708 0.5148026315789473 0.14130434782608708 0.6932565789473685 0.5013586956521741 0.6932565789473685
0 0.7749762833894023 0.266035260253481 0.7739673913043478 0.07055756578947368 0.4034438026054751 0.07125813629183042 0.4044526946905296 0.2667358307558377