1 0.8627717391304348 0.24116847826086965 0.7092391304347826 0.24116847826086965 0.7092391304347826 0.25475543478260876 0.8627717391304348 0.25475543478260876
1 0.7024456521739131 0.2629076086956523 0.6766304347826086 0.2629076086956523 0.6766304347826086 0.28668478260869573 0.7024456521739131 0.28668478260869573
1 0.8505434782608695 0.2941576086956523 0.8057065217391305 0.2941576086956523 0.8057065217391305 0.3077445652173914 0.8505434782608695 0.3077445652173914
1 0.27038043478260876 0.2425271739130435 0.13451086956521746 0.2425271739130435 0.13451086956521746 0.2547554347826087 0.27038043478260876 0.2547554347826087
1 0.30163043478260876 0.2907608695652174 0.2771739130434783 0.2907608695652174 0.2771739130434783 0.38179347826086957 0.30163043478260876 0.38179347826086957
1 0.27038043478260876 0.38654891304347827 0.1372282608695653 0.38654891304347827 0.13722826086956533 0.39945652173913043 0.27038043478260876 0.39945652173913043
1 0.6467391304347828 0.6297554347826086 0.6019021739130437 0.6297554347826086 0.6019021739130437 0.6433423913043478 0.6467391304347828 0.6433423913043478
1 0.8627717391304351 0.6677989130434783 0.7173913043478264 0.6677989130434783 0.7173913043478264 0.6800271739130435 0.8627717391304351 0.6800271739130435
1 0.45788043478260887 0.6487771739130435 0.42934782608695665 0.6487771739130435 0.42934782608695665 0.6759510869565217 0.45788043478260887 0.6759510869565217
1 0.4565217391304349 0.6847826086956522 0.4307065217391306 0.6847826086956522 0.4307065217391306 0.7105978260869565 0.4565217391304349 0.7105978260869565
1 0.45923913043478276 0.720108695652174 0.4320652173913045 0.720108695652174 0.4320652173913045 0.7472826086956522 0.45923913043478276 0.7472826086956522
1 0.40217391304347844 0.7547554347826086 0.16168478260869584 0.7547554347826086 0.16168478260869584 0.7676630434782609 0.40217391304347844 0.7676630434782609
0 0.9144021739130435 0.06861413043478265 0.46059782608695654 0.06861413043478262 0.46059782608695654 0.25475543478260876 0.9144021739130435 0.25475543478260876
0 0.49184782608695654 0.06929347826086958 0.09103260869565218 0.06929347826086957 0.09103260869565222 0.2547554347826087 0.49184782608695654 0.2547554347826087
0 0.7119565217391305 0.23845108695652178 0.5706521739130435 0.23845108695652173 0.5706521739130435 0.313179347826087 0.7119565217391305 0.31317934782608703
0 0.9089673913043478 0.2934782608695653 0.7554347826086957 0.2934782608695653 0.7554347826086957 0.40285326086956524 0.9089673913043478 0.40285326086956524
0 0.7894021739130435 0.3349184782608696 0.5747282608695654 0.33491847826086957 0.5747282608695654 0.4327445652173913 0.7894021739130435 0.4327445652173913
0 0.4728260869565219 0.546875 0.09510869565217403 0.546875 0.09510869565217407 0.7730978260869565 0.4728260869565219 0.7730978260869565
0 0.7173913043478263 0.548233695652174 0.5298913043478263 0.548233695652174 0.5298913043478263 0.6426630434782609 0.7173913043478264 0.6426630434782609
0 0.9048913043478263 0.546875 0.6807065217391306 0.546875 0.6807065217391306 0.6847826086956522 0.9048913043478264 0.6847826086956522
0 0.580163043478261 0.3811141304347826 0.09239130434782616 0.3811141304347826 0.0923913043478262 0.5625 0.580163043478261 0.5625
0 0.906773097826087 0.3822955163043478 0.5773233695652176 0.3822955163043478 0.5773233695652176 0.5658267663043478 0.906773097826087 0.5658267663043478