1 0.27038043478260876 0.2235054347826087 0.1440217391304348 0.2235054347826087 0.1440217391304348 0.23369565217391305 0.27038043478260876 0.23369565217391305
1 0.1902173913043479 0.281929347826087 0.15489130434782616 0.281929347826087 0.15489130434782616 0.29008152173913043 0.1902173913043479 0.29008152173913043
1 0.1915760869565218 0.328804347826087 0.14945652173913052 0.328804347826087 0.14945652173913052 0.3383152173913043 0.1915760869565218 0.3383152173913043
1 0.4252717391304349 0.6881793478260869 0.1915760869565219 0.6881793478260869 0.1915760869565219 0.6970108695652174 0.4252717391304349 0.6970108695652174
1 0.6222826086956523 0.6447010869565217 0.6019021739130437 0.6447010869565217 0.6019021739130437 0.6807065217391305 0.6222826086956523 0.6807065217391305
1 0.7255434782608697 0.6297554347826086 0.6345108695652175 0.6297554347826086 0.6345108695652175 0.639266304347826 0.7255434782608698 0.639266304347826
1 0.8586956521739132 0.6297554347826086 0.7703804347826086 0.6297554347826086 0.7703804347826089 0.639266304347826 0.8586956521739133 0.639266304347826
1 0.8627717391304348 0.39945652173913043 0.7853260869565217 0.39945652173913043 0.7853260869565217 0.40896739130434784 0.8627717391304348 0.40896739130434784
1 0.7214673913043478 0.298233695652174 0.7038043478260869 0.298233695652174 0.7038043478260869 0.39266304347826086 0.7214673913043478 0.39266304347826086
1 0.8641304347826086 0.2832880434782609 0.7377717391304348 0.2832880434782609 0.7377717391304348 0.2921195652173914 0.8641304347826086 0.2921195652173914
0 0.90625 0.0726902173913044 0.5122282608695652 0.0726902173913044 0.5122282608695652 0.29687500000000006 0.90625 0.29687500000000006
0 0.5475543478260869 0.07336956521739132 0.09646739130434782 0.07336956521739131 0.09646739130434785 0.23505434782608695 0.5475543478260869 0.23505434782608695
0 0.31114130434782616 0.27785326086956524 0.09646739130434791 0.27785326086956524 0.09646739130434792 0.40964673913043476 0.31114130434782616 0.40964673913043476
0 0.7282608695652174 0.2771739130434783 0.37228260869565216 0.27717391304347827 0.3722826086956523 0.499320652173913 0.7282608695652174 0.499320652173913
0 0.9008152173913043 0.39334239130434784 0.6956521739130435 0.39334239130434784 0.6956521739130435 0.5033967391304348 0.9008152173913043 0.5033967391304348
0 0.9048913043478263 0.48097826086956524 0.47961956521739146 0.48097826086956524 0.47961956521739146 0.6426630434782609 0.9048913043478264 0.6426630434782609
0 0.5081521739130437 0.4796195652173913 0.10461956521739142 0.4796195652173913 0.10461956521739144 0.6983695652173914 0.5081521739130437 0.6983695652173914
0 0.6304347826086958 0.625 0.4741847826086958 0.625 0.4741847826086958 0.7024456521739131 0.6304347826086958 0.7024456521739131