1 0.43248945147679324 0.05093167701863357 0.33544303797468356 0.050931677018633555 0.33544303797468356 0.07577639751552798 0.43248945147679324 0.07577639751552799
1 0.11181434599156122 0.07701863354037267 0.06962025316455699 0.07701863354037267 0.06962025316455699 0.11801242236024845 0.11181434599156122 0.11801242236024845
1 0.11603375527426166 0.22236024844720498 0.06962025316455703 0.22236024844720498 0.06962025316455703 0.3105590062111801 0.11603375527426166 0.3105590062111801
1 0.0843881856540085 0.3167701863354037 0.02953586497890302 0.3167701863354037 0.029535864978903023 0.34285714285714286 0.0843881856540085 0.34285714285714286
1 0.033755274261603484 0.45590062111801244 9.481969942765371e-17 0.45590062111801244 1.0437917866150437e-16 0.5478260869565217 0.0337552742616035 0.5478260869565217
1 0.04430379746835459 0.6857142857142857 1.4261709559690696e-16 0.6857142857142857 1.5230575698256641e-16 0.7788819875776397 0.0443037974683546 0.7788819875776397
1 0.08438818565400864 0.9652173913043478 0.029535864978903155 0.9652173913043478 0.029535864978903155 0.9850931677018634 0.08438818565400864 0.9850931677018634
1 0.6329113924050636 0.9639751552795031 0.447257383966245 0.9639751552795031 0.447257383966245 0.986335403726708 0.6329113924050636 0.986335403726708
1 0.6962025316455699 0.7950310559006211 0.6540084388185656 0.7950310559006211 0.6540084388185656 0.9043478260869565 0.6962025316455699 0.9043478260869565
1 0.8270042194092827 0.39751552795031053 0.6392405063291139 0.39751552795031053 0.6392405063291139 0.422360248447205 0.8270042194092827 0.422360248447205
1 0.4345991561181436 0.4248447204968944 0.39662447257383976 0.4248447204968944 0.39662447257383976 0.4857142857142857 0.4345991561181436 0.4857142857142857
1 0.43248945147679335 0.6372670807453417 0.39873417721519 0.6372670807453417 0.39873417721519 0.7006211180124223 0.43248945147679335 0.7006211180124223
1 0.5696202531645572 0.7639751552795031 0.46624472573839676 0.7639751552795031 0.46624472573839676 0.7888198757763976 0.5696202531645572 0.7888198757763976
1 0.9472573839662447 0.3267080745341615 0.9071729957805907 0.3267080745341615 0.9071729957805907 0.3937888198757764 0.9472573839662447 0.3937888198757764
1 0.6856540084388185 0.15279503105590064 0.6181434599156118 0.15279503105590064 0.6181434599156118 0.17515527950310567 0.6856540084388185 0.17515527950310567
0 0.44936708860759506 0.39254658385093166 0.10759493670886085 0.39254658385093166 0.10759493670886086 0.5701863354037268 0.44936708860759506 0.5701863354037268
0 0.44725738396624487 0.5490683229813664 0.10759493670886087 0.5490683229813664 0.10759493670886089 0.724223602484472 0.44725738396624487 0.724223602484472
0 0.45147679324894524 0.6968944099378882 0.10337552742616049 0.6968944099378882 0.1033755274261605 0.8434782608695652 0.45147679324894524 0.8434782608695652
0 0.7194092827004221 0.7540372670807454 0.34810126582278494 0.7540372670807454 0.348101265822785 0.9962732919254659 0.7194092827004221 0.9962732919254659
0 0.2890295358649789 0.04347826086956522 0.06540084388185656 0.043478260869565216 0.06540084388185656 0.13416149068322983 0.2890295358649789 0.13416149068322986
0 0.2890295358649789 0.11801242236024846 0.06540084388185657 0.11801242236024845 0.06540084388185657 0.2111801242236025 0.2890295358649789 0.2111801242236025
0 0.5189873417721519 0.0409937888198758 0.2552742616033755 0.040993788819875795 0.2552742616033756 0.2099378881987578 0.5189873417721519 0.20993788819875783
0 0.9587215189873419 0.4277378881987577 0.9544978902953588 0.1417503105590062 0.06169295190698981 0.1463218247124882 0.06591658059897297 0.43230940235223975