1 0.07336956521739137 0.23301680058436816 0.05027173913043484 0.23301680058436816 0.05027173913043484 0.28268809349890434 0.07336956521739137 0.28268809349890434
1 0.07065217391304356 0.2921840759678597 0.04483695652173919 0.2921840759678597 0.044836956521739205 0.38349159970781593 0.07065217391304357 0.38349159970781593
1 0.9483695652173914 0.5617238860482103 0.9266304347826086 0.5617238860482103 0.9266304347826086 0.6508400292184076 0.9483695652173914 0.6508400292184076
1 0.9510869565217391 0.3016800584368153 0.9239130434782609 0.3016800584368153 0.9239130434782609 0.3506208911614318 0.9510869565217391 0.3506208911614318
1 0.9463831521739131 0.02679839298758223 0.6812404891304348 0.026798392987582218 0.6812404891304348 0.08172607742878019 0.9463831521739131 0.08172607742878019
1 0.3158994565217391 0.026745069393718044 0.049179347826086954 0.02657341124908693 0.04905624998984583 0.08185627050988308 0.315776358685498 0.08202792865451419
0 0.4375 0.021913805697589498 0.03532608695652175 0.02191380569758948 0.03532608695652177 0.19284149013878743 0.4375 0.19284149013878743
0 0.4375 0.17750182615047483 0.033967391304347866 0.1775018261504748 0.03396739130434788 0.3002191380569759 0.4375 0.3002191380569759
0 0.438858695652174 0.27757487216946675 0.035326086956521806 0.27757487216946675 0.03532608695652182 0.44338933528122715 0.43885869565217406 0.44338933528122715
0 0.9510869565217391 0.43243243243243246 0.5597826086956523 0.43243243243243246 0.5597826086956523 0.537618699780862 0.9510869565217391 0.537618699780862
0 0.7567934782608695 0.2461650840029219 0.563858695652174 0.24616508400292184 0.563858695652174 0.44338933528122715 0.7567934782608695 0.44338933528122715
0 0.9538043478260869 0.24689554419284157 0.7391304347826086 0.24689554419284157 0.7391304347826086 0.44704163623082543 0.9538043478260869 0.44704163623082543
0 0.9551630434782609 0.020452885317750233 0.5597826086956522 0.02045288531775022 0.5597826086956522 0.26661796932067205 0.9551630434782609 0.2666179693206721
0 0.9564079386085231 0.9124210743787815 0.9547467213966224 0.42961658410976755 0.03687607091721614 0.43052940450978094 0.03853728812911684 0.9133338947787949