1 0.24728260869565216 0.011111111111111136 0.09103260869565218 0.011111111111111125 0.09103260869565218 0.03174603174603177 0.24728260869565216 0.03174603174603178
1 0.06250000000000001 0.08412698412698413 0.043478260869565216 0.08412698412698413 0.04347826086956523 0.2619047619047619 0.06250000000000001 0.2619047619047619
1 0.06114130434782612 0.3492063492063492 0.04076086956521743 0.3492063492063492 0.04076086956521743 0.4126984126984127 0.06114130434782612 0.4126984126984127
1 0.058423913043478326 0.5698412698412698 0.04347826086956528 0.5698412698412698 0.043478260869565286 0.7507936507936508 0.05842391304347834 0.7507936507936508
1 0.27581521739130443 0.8682539682539683 0.11956521739130442 0.8682539682539683 0.11956521739130442 0.8857142857142857 0.27581521739130443 0.8857142857142857
1 0.47690217391304346 0.6476190476190476 0.36277173913043476 0.6476190476190476 0.36277173913043476 0.6666666666666666 0.47690217391304346 0.6666666666666666
1 0.6399456521739131 0.6476190476190478 0.5217391304347826 0.6476190476190476 0.5217391304347826 0.6682539682539683 0.6399456521739131 0.6682539682539684
1 0.8804347826086957 0.8650793650793651 0.7269021739130435 0.8650793650793651 0.7269021739130435 0.8873015873015873 0.8804347826086957 0.8873015873015873
1 0.9538043478260869 0.56984126984127 0.938858695652174 0.56984126984127 0.938858695652174 0.750793650793651 0.9538043478260869 0.750793650793651
1 0.9551630434782609 0.35079365079365094 0.938858695652174 0.3507936507936509 0.938858695652174 0.41587301587301606 0.9551630434782609 0.41587301587301606
1 0.9578804347826086 0.08253968253968268 0.9347826086956522 0.08253968253968268 0.9347826086956522 0.26190476190476203 0.9578804347826086 0.2619047619047621
1 0.907608695652174 0.01111111111111123 0.7527173913043478 0.011111111111111219 0.7527173913043478 0.034920634920635046 0.907608695652174 0.03492063492063505
1 0.6983695652173914 0.3126984126984128 0.6453804347826086 0.3126984126984128 0.6453804347826086 0.3333333333333334 0.6983695652173914 0.3333333333333334
1 0.3546195652173913 0.31428571428571433 0.3016304347826087 0.3142857142857143 0.3016304347826087 0.33492063492063495 0.3546195652173913 0.334920634920635
0 0.3016304347826087 0.0031746031746031985 0.033967391304347824 0.003174603174603179 0.033967391304347845 0.3380952380952381 0.3016304347826087 0.3380952380952381
0 0.22282608695652178 0.30952380952380953 0.03396739130434785 0.30952380952380953 0.033967391304347866 0.45714285714285713 0.2228260869565218 0.45714285714285713
0 0.3573369565217392 0.42857142857142855 0.029891304347826136 0.42857142857142855 0.02989130434782616 0.8904761904761904 0.3573369565217393 0.8904761904761904
0 0.38722826086956524 0.3095238095238096 0.2758152173913043 0.30952380952380953 0.2758152173913044 0.4523809523809524 0.38722826086956524 0.4523809523809524
0 0.5108695652173914 0.42698412698412697 0.3301630434782609 0.42698412698412697 0.3301630434782609 0.6730158730158731 0.5108695652173914 0.6730158730158731
0 0.9619565217391305 0.009523809523809643 0.6970108695652174 0.009523809523809622 0.6970108695652174 0.34285714285714297 0.9619565217391305 0.342857142857143
0 0.7269021739130435 0.30476190476190484 0.6182065217391305 0.30476190476190484 0.6182065217391305 0.45555555555555566 0.7269021739130435 0.4555555555555557
0 0.9633152173913043 0.3111111111111112 0.7744565217391305 0.3111111111111112 0.7744565217391305 0.45238095238095255 0.9633152173913043 0.45238095238095255
0 0.9646739130434783 0.45238095238095255 0.6467391304347826 0.45238095238095255 0.6467391304347827 0.8984126984126984 0.9646739130434783 0.8984126984126984
0 0.6698369565217391 0.4269841269841271 0.48233695652173914 0.42698412698412697 0.48233695652173914 0.6746031746031746 0.6698369565217391 0.6746031746031748