1 0.4405594405594406 0.08307045215562568 0.229020979020979 0.08307045215562568 0.229020979020979 0.09463722397476344 0.4405594405594406 0.09463722397476344
1 0.1468531468531469 0.13249211356466878 0.12412587412587417 0.13249211356466878 0.12412587412587417 0.2565720294426919 0.1468531468531469 0.2565720294426919
1 0.1451048951048952 0.32597266035751843 0.12587412587412591 0.32597266035751843 0.12587412587412594 0.45320715036803366 0.14510489510489522 0.45320715036803366
1 0.14510489510489522 0.5278654048370137 0.12587412587412597 0.5278654048370137 0.12587412587412597 0.562565720294427 0.14510489510489522 0.562565720294427
1 0.14510489510489524 0.6235541535226078 0.12412587412587428 0.6235541535226078 0.12412587412587428 0.658254468980021 0.14510489510489524 0.658254468980021
1 0.8863636363636366 0.8096740273396424 0.6783216783216786 0.8096740273396424 0.6783216783216786 0.8201892744479495 0.8863636363636366 0.8201892744479495
1 0.9335664335664335 0.6351209253417456 0.916083916083916 0.6351209253417456 0.916083916083916 0.7623554153522608 0.9335664335664335 0.7623554153522608
1 0.9353146853146853 0.3659305993690853 0.9143356643356644 0.3659305993690853 0.9143356643356644 0.4900105152471084 0.9353146853146853 0.4900105152471084
1 0.8409090909090909 0.18611987381703476 0.6748251748251748 0.18611987381703476 0.6748251748251748 0.1976866456361725 0.8409090909090909 0.1976866456361725
1 0.4373996411946719 0.8223847051357231 0.125596153846154 0.8210651945320714 0.12473085490505194 0.8950368400168064 0.43653434225356985 0.8963563506204582
0 0.9475524475524476 0.5846477392218717 0.5174825174825177 0.5846477392218717 0.5174825174825177 0.8264984227129337 0.9475524475524476 0.8264984227129337
0 0.9493006993006993 0.3564668769716089 0.5174825174825175 0.35646687697160884 0.5174825174825176 0.601472134595163 0.9493006993006993 0.601472134595163
0 0.9493006993006993 0.17981072555205052 0.5174825174825175 0.17981072555205052 0.5174825174825175 0.3711882229232388 0.9493006993006993 0.37118822292323883
0 0.4213286713286714 0.2807570977917981 0.11713286713286718 0.2807570977917981 0.1171328671328672 0.5099894847528917 0.4213286713286714 0.5099894847528917
0 0.4213286713286714 0.491062039957939 0.11538461538461549 0.491062039957939 0.11538461538461549 0.6056782334384858 0.4213286713286714 0.6056782334384858
0 0.4265734265734267 0.580441640378549 0.11538461538461549 0.580441640378549 0.1153846153846155 0.6929547844374343 0.4265734265734267 0.6929547844374343
0 0.5490970233225861 0.9027824807798047 0.5475307982455289 0.578618024448 0.11386908960825742 0.5793760273695623 0.1154353146853147 0.9035404837013671
0 0.5499335664335664 0.0783249211356467 0.11509542646634513 0.07776096230248006 0.11409877023673419 0.3557685411024701 0.5489369102039554 0.35633249993563676