1 0.8206751054852323 0.6362672322375398 0.6540084388185656 0.6362672322375398 0.6540084388185656 0.647932131495228 0.8206751054852323 0.647932131495228
1 0.7974683544303798 0.3711558854718982 0.7763713080168776 0.3711558854718982 0.7763713080168776 0.44644750795334043 0.7974683544303798 0.44644750795334043
1 0.7278481012658228 0.20572640509013793 0.6118143459915611 0.20572640509013793 0.6118143459915611 0.2184517497348887 0.7278481012658228 0.2184517497348887
1 0.46202531645569633 0.2948038176033934 0.37130801687763726 0.2948038176033934 0.37130801687763726 0.3064687168610817 0.46202531645569633 0.3064687168610817
1 0.27215189873417733 0.29374337221633084 0.13713080168776376 0.29374337221633084 0.13713080168776376 0.3064687168610817 0.27215189873417733 0.3064687168610817
1 0.22151898734177228 0.5143160127253447 0.12025316455696214 0.5143160127253447 0.12025316455696214 0.5238600212089077 0.22151898734177228 0.5238600212089077
1 0.18987341772151917 0.8048780487804879 0.12447257383966266 0.8048780487804879 0.12447257383966266 0.8176033934252386 0.18987341772151917 0.8176033934252386
1 0.4282700421940931 0.8356309650053022 0.2573839662447259 0.8356309650053022 0.2573839662447259 0.8472958642629904 0.4282700421940931 0.8472958642629904
0 0.3628691983122364 0.29056203605514314 0.04008438818565408 0.29056203605514314 0.0400843881856541 0.4496288441145281 0.3628691983122364 0.4496288441145281
0 0.5063291139240508 0.29056203605514314 0.32489451476793263 0.29056203605514314 0.32489451476793263 0.45068928950159065 0.5063291139240508 0.45068928950159065
0 0.4050632911392406 0.5100742311770944 0.04641350210970476 0.5100742311770944 0.04641350210970478 0.672322375397667 0.4050632911392406 0.672322375397667
0 0.21097046413502127 0.6532343584305408 0.05063291139240523 0.6532343584305408 0.05063291139240524 0.8197242841993637 0.21097046413502127 0.8197242841993637
0 0.8776561181434599 0.20112831389183458 0.47070675105485243 0.20048886532343588 0.4689814275495528 0.4779093939240487 0.8759307946381603 0.4785488424924474
0 0.8750274261603376 0.4585821845174973 0.47062025316455713 0.4585821845174973 0.47062025316455713 0.6989321314952279 0.8750274261603378 0.6989321314952279
0 0.5111962025316458 0.6078462354188758 0.17919409282700438 0.6078462354188758 0.1791940928270044 0.8520890774125133 0.5111962025316458 0.8520890774125133