1 0.7649456521739131 0.10972850678733038 0.6603260869565217 0.10972850678733038 0.6603260869565217 0.12217194570135753 0.7649456521739131 0.12217194570135753
1 0.5217391304347826 0.10972850678733037 0.4157608695652174 0.10972850678733034 0.4157608695652174 0.12217194570135752 0.5217391304347826 0.12217194570135753
1 0.9375 0.3642533936651585 0.9198369565217391 0.3642533936651585 0.9198369565217391 0.4479638009049775 0.9375 0.4479638009049775
1 0.936141304347826 0.46040723981900467 0.9184782608695652 0.46040723981900467 0.9184782608695652 0.5441176470588237 0.936141304347826 0.5441176470588237
1 0.7839673913043478 0.8223981900452488 0.6793478260869567 0.8223981900452488 0.6793478260869567 0.832579185520362 0.7839673913043478 0.832579185520362
1 0.5475543478260871 0.8212669683257918 0.3790760869565219 0.8212669683257918 0.3790760869565219 0.832579185520362 0.5475543478260871 0.832579185520362
1 0.13586956521739135 0.2149321266968326 0.11684782608695655 0.2149321266968326 0.11684782608695655 0.3574660633484163 0.13586956521739135 0.3574660633484163
0 0.3396739130434783 0.10633484162895929 0.11277173913043478 0.10633484162895927 0.11277173913043483 0.45701357466063347 0.3396739130434783 0.45701357466063347
0 0.6005434782608695 0.10633484162895933 0.31657608695652173 0.10633484162895931 0.3165760869565218 0.3597285067873303 0.6005434782608695 0.3597285067873303
0 0.8668478260869565 0.10520361990950235 0.5774456521739131 0.10520361990950233 0.5774456521739131 0.35972850678733037 0.8668478260869565 0.3597285067873304
0 0.9429347826086957 0.3393665158371042 0.6644021739130435 0.3393665158371042 0.6644021739130435 0.4638009049773757 0.9429347826086957 0.4638009049773757
0 0.9429347826086957 0.44343891402714947 0.6644021739130435 0.44343891402714947 0.6644021739130436 0.5622171945701359 0.9429347826086957 0.5622171945701359
0 0.5991847826086958 0.5938914027149321 0.3192934782608696 0.5938914027149321 0.3192934782608697 0.8393665158371041 0.5991847826086958 0.8393665158371041
0 0.861492542694039 0.47979227308163963 0.5766902173913044 0.4785067873303168 0.5743401310432743 0.8394269811661975 0.8591424563460089 0.8407124669175204
0 0.6870403333827487 0.34378147117597957 0.31857196303614094 0.34295661806277616 0.31776707454977243 0.5921924095862604 0.6862354448963803 0.5930172626994638