1 0.875 0.059775840597758485 0.855 0.05977584059775848 0.855 0.15566625155666258 0.875 0.15566625155666258
1 0.7916666666666666 0.013698630136986368 0.6633333333333333 0.013698630136986363 0.6633333333333333 0.022415940224159468 0.7916666666666666 0.022415940224159474
1 0.8716666666666667 0.2141967621419677 0.8583333333333333 0.2141967621419677 0.8583333333333333 0.2914072229140723 0.8716666666666667 0.2914072229140723
1 0.7966666666666666 0.32254047322540486 0.785 0.32254047322540486 0.785 0.40348692403486935 0.7966666666666666 0.40348692403486935
1 0.7966666666666669 0.6014943960149441 0.7850000000000001 0.6014943960149441 0.7850000000000001 0.6799501867995019 0.7966666666666669 0.6799501867995019
1 0.8716666666666667 0.7110834371108343 0.86 0.7110834371108343 0.86 0.7920298879202988 0.8716666666666667 0.7920298879202988
1 0.8733333333333333 0.8480697384806973 0.86 0.8480697384806973 0.86 0.9427148194271482 0.8733333333333333 0.9427148194271482
1 0.7933333333333336 0.9788293897882939 0.6650000000000001 0.9788293897882939 0.6650000000000001 0.9887920298879203 0.7933333333333336 0.9887920298879203
1 0.5750000000000002 0.9153175591531756 0.5150000000000002 0.9153175591531756 0.5150000000000002 0.925280199252802 0.5750000000000002 0.925280199252802
1 0.47666666666666685 0.9153175591531756 0.4183333333333335 0.9153175591531756 0.4183333333333335 0.9265255292652553 0.47666666666666685 0.9265255292652553
1 0.33166666666666683 0.9775840597758406 0.20333333333333348 0.9775840597758406 0.20333333333333348 0.9887920298879203 0.33166666666666683 0.9887920298879203
1 0.14000000000000015 0.8468244084682441 0.12166666666666681 0.8468244084682441 0.12166666666666681 0.9427148194271482 0.14000000000000015 0.9427148194271482
1 0.1366666666666668 0.709838107098381 0.12166666666666676 0.709838107098381 0.12166666666666678 0.7920298879202988 0.1366666666666668 0.7920298879202988
1 0.21166666666666675 0.5990037359900373 0.19833333333333342 0.5990037359900373 0.19833333333333342 0.6824408468244084 0.21166666666666675 0.6824408468244084
1 0.2150000000000001 0.32254047322540474 0.1983333333333334 0.32254047322540474 0.1983333333333334 0.40348692403486924 0.2150000000000001 0.40348692403486924
1 0.1383333333333334 0.21046077210460773 0.12166666666666671 0.21046077210460773 0.12166666666666671 0.29265255292652553 0.1383333333333334 0.29265255292652553
1 0.13833333333333336 0.05603985056039852 0.125 0.05603985056039852 0.12500000000000003 0.1569115815691158 0.1383333333333334 0.1569115815691158
1 0.335 0.013698630136986325 0.20333333333333334 0.01369863013698632 0.20333333333333334 0.027397260273972626 0.335 0.02739726027397263
1 0.47833333333333333 0.07596513075965135 0.42 0.07596513075965135 0.42 0.08592777085927775 0.47833333333333333 0.08592777085927775
1 0.5766666666666667 0.07471980074719806 0.515 0.07471980074719806 0.515 0.08717310087173104 0.5766666666666667 0.08717310087173104
0 0.41333333333333333 0.011207970112079725 0.11833333333333333 0.01120797011207971 0.11833333333333336 0.20547945205479456 0.41333333333333333 0.2054794520547946
0 0.3066666666666667 0.18679950186799502 0.12166666666666671 0.18679950186799502 0.12166666666666671 0.3150684931506849 0.30666666666666675 0.3150684931506849
0 0.5083333333333333 0.06973848069738485 0.3933333333333333 0.06973848069738484 0.3933333333333333 0.2054794520547946 0.5083333333333333 0.2054794520547946
0 0.61 0.06724782067247825 0.48333333333333334 0.06724782067247824 0.48333333333333334 0.2067247820672479 0.61 0.2067247820672479
0 0.8866666666666667 0.008717310087173169 0.5816666666666667 0.008717310087173155 0.5816666666666667 0.2067247820672479 0.8866666666666667 0.2067247820672479
0 0.8883333333333333 0.18804483188044838 0.685 0.18804483188044838 0.685 0.31631382316313833 0.8883333333333333 0.31631382316313833
0 0.875 0.7982565379825654 0.5816666666666669 0.7982565379825654 0.5816666666666669 0.9912826899128269 0.875 0.9912826899128269
0 0.8783333333333333 0.6861768368617683 0.6816666666666669 0.6861768368617683 0.6816666666666669 0.8169364881693649 0.8783333333333333 0.8169364881693649
0 0.6033333333333335 0.7957658779576587 0.4883333333333335 0.7957658779576587 0.4883333333333335 0.9315068493150684 0.6033333333333335 0.9315068493150684
0 0.4166666666666668 0.7995018679950187 0.12000000000000015 0.7995018679950187 0.12000000000000015 0.9925280199252802 0.41666666666666685 0.9925280199252802
0 0.32166666666666677 0.684931506849315 0.12333333333333343 0.684931506849315 0.12333333333333345 0.8181818181818182 0.32166666666666677 0.8181818181818182
0 0.5083333333333335 0.7945205479452054 0.3933333333333334 0.7945205479452054 0.3933333333333335 0.9302615193026152 0.5083333333333335 0.9302615193026152
0 0.512632982186869 0.5142760175931391 0.5095601691200622 0.2563229224920419 0.18611552026652656 0.2584740530931742 0.18918833333333335 0.5164271481942715
0 0.8052350000000001 0.5157173100871731 0.8042686299132145 0.2534146863211605 0.478192284346682 0.25408539132859265 0.47915865443346767 0.5163880150946053
0 0.5162250000000002 0.48943462017434625 0.18538500000000008 0.48943462017434625 0.1853850000000001 0.7494246575342466 0.5162250000000003 0.7494246575342466
0 0.8061866666666666 0.4894346201743463 0.4791483333333333 0.48943462017434625 0.4791483333333334 0.7501344956413449 0.8061866666666667 0.7501344956413449