1 0.47961956521739146 0.7770491803278688 0.40353260869565233 0.7770491803278688 0.40353260869565233 0.7942622950819672 0.47961956521739146 0.7942622950819672
1 0.6807065217391306 0.7434426229508196 0.6480978260869567 0.7434426229508196 0.6480978260869567 0.7754098360655738 0.6807065217391306 0.7754098360655738
1 0.2635869565217393 0.6975409836065574 0.21059782608695668 0.6975409836065574 0.21059782608695668 0.7155737704918033 0.2635869565217393 0.7155737704918033
1 0.6779891304347828 0.5942622950819673 0.6453804347826089 0.5942622950819673 0.6453804347826089 0.659016393442623 0.6779891304347828 0.659016393442623
1 0.7119565217391305 0.569672131147541 0.6711956521739132 0.569672131147541 0.6711956521739132 0.5860655737704918 0.7119565217391305 0.5860655737704918
1 0.7404891304347826 0.40655737704918044 0.7065217391304348 0.40655737704918044 0.7065217391304348 0.48032786885245904 0.7404891304347826 0.48032786885245904
1 0.4320652173913045 0.4557377049180328 0.3994565217391306 0.4557377049180328 0.3994565217391306 0.5049180327868853 0.4320652173913045 0.5049180327868853
1 0.43342391304347827 0.2901639344262295 0.4008152173913043 0.2901639344262295 0.4008152173913043 0.34098360655737703 0.43342391304347827 0.34098360655737703
1 0.7377717391304348 0.22950819672131156 0.7024456521739131 0.22950819672131156 0.7024456521739131 0.3000000000000001 0.7377717391304348 0.3000000000000001
1 0.38315217391304346 0.21967213114754097 0.29755434782608703 0.21967213114754097 0.29755434782608703 0.23852459016393443 0.38315217391304346 0.23852459016393443
1 0.7146739130434783 0.06557377049180332 0.5720108695652174 0.06557377049180332 0.5720108695652174 0.08524590163934431 0.7146739130434783 0.08524590163934431
1 0.23369565217391308 0.13114754098360656 0.20244565217391305 0.13114754098360656 0.20244565217391308 0.21475409836065573 0.2336956521739131 0.21475409836065573
1 0.24592391304347833 0.5057377049180328 0.10461956521739142 0.5057377049180328 0.10461956521739142 0.5270491803278688 0.24592391304347833 0.5270491803278688
1 0.042119565217391415 0.530327868852459 0.013586956521739236 0.530327868852459 0.013586956521739241 0.5819672131147541 0.04211956521739142 0.5819672131147541
0 0.43478260869565216 0.05983606557377052 0.19429347826086957 0.05983606557377052 0.1942934782608696 0.24262295081967214 0.43478260869565216 0.24262295081967214
0 0.6494565217391305 0.11475409836065578 0.40896739130434784 0.11475409836065578 0.40896739130434784 0.19426229508196727 0.6494565217391305 0.19426229508196727
0 0.6494565217391305 0.1770491803278689 0.39945652173913043 0.1770491803278689 0.39945652173913043 0.2877049180327869 0.6494565217391305 0.28770491803278697
0 0.6521739130434784 0.2688524590163935 0.3953804347826087 0.26885245901639343 0.39538043478260876 0.40573770491803285 0.6521739130434784 0.4057377049180329
0 0.6535326086956523 0.389344262295082 0.39538043478260887 0.38934426229508196 0.39538043478260887 0.530327868852459 0.6535326086956523 0.530327868852459
0 0.3695652173913045 0.5008196721311475 0.009510869565217493 0.5008196721311475 0.009510869565217515 0.7213114754098361 0.3695652173913045 0.7213114754098361
0 0.6929347826086958 0.730327868852459 0.5081521739130437 0.730327868852459 0.5081521739130437 0.7983606557377049 0.6929347826086958 0.7983606557377049
0 0.6915760869565218 0.6647540983606557 0.5081521739130437 0.6647540983606557 0.5081521739130437 0.7418032786885246 0.6915760869565218 0.7418032786885246
0 0.6929347826086958 0.5040983606557377 0.3396739130434783 0.5040983606557377 0.3396739130434784 0.6844262295081968 0.6929347826086958 0.6844262295081968
0 0.5394021739130437 0.6663934426229509 0.33288043478260887 0.6663934426229509 0.33288043478260887 0.7991803278688525 0.5394021739130437 0.7991803278688525