1 0.5747282608695652 0.11697247706422023 0.561141304347826 0.11697247706422023 0.561141304347826 0.1590214067278288 0.5747282608695652 0.1590214067278288
1 0.5190217391304348 0.1574923547400612 0.49592391304347827 0.1574923547400612 0.49592391304347827 0.1666666666666667 0.5190217391304348 0.1666666666666667
1 0.391304347826087 0.15902140672782877 0.27853260869565216 0.15902140672782875 0.27853260869565216 0.1659021406727829 0.391304347826087 0.16590214067278292
1 0.33559782608695665 0.6995412844036697 0.27309782608695665 0.6995412844036697 0.27309782608695665 0.7071865443425076 0.33559782608695665 0.7071865443425076
1 0.7133152173913047 0.7247706422018348 0.5434782608695654 0.7247706422018348 0.5434782608695654 0.7331804281345565 0.7133152173913047 0.7331804281345565
1 0.672850543478261 0.3264701834862386 0.4505557065217392 0.3264701834862386 0.45055570652173926 0.4891460244648318 0.672850543478261 0.4891460244648318
1 0.6288043478260871 0.37950229357798165 0.5611073369565219 0.37950229357798165 0.5611073369565219 0.4267163608562691 0.6288043478260871 0.4267163608562691
1 0.6847826086956523 0.4487767584097859 0.6725543478260871 0.4487767584097859 0.6725543478260871 0.4602446483180428 0.6847826086956523 0.4602446483180428
0 0.7880434782608697 0.5603975535168195 0.4741847826086958 0.5603975535168195 0.4741847826086958 0.7362385321100917 0.7880434782608698 0.7362385321100917
0 0.39809782608695665 0.6330275229357798 0.2146739130434784 0.6330275229357798 0.2146739130434784 0.7102446483180428 0.39809782608695665 0.7102446483180428
0 0.78125 0.4181957186544342 0.6657608695652175 0.4181957186544342 0.6657608695652175 0.49464831804281345 0.78125 0.49464831804281345
0 0.7853260869565217 0.27217125382263 0.5597826086956522 0.27217125382262997 0.5597826086956522 0.4288990825688073 0.7853260869565217 0.4288990825688073
0 0.46739130434782616 0.2805810397553517 0.21603260869565225 0.2805810397553517 0.21603260869565225 0.49311926605504586 0.4673913043478262 0.49311926605504586
0 0.4592391304347826 0.15749235474006118 0.2105978260869565 0.15749235474006115 0.21059782608695657 0.29128440366972475 0.4592391304347826 0.29128440366972475
0 0.5815217391304348 0.15596330275229361 0.43478260869565216 0.15596330275229361 0.43478260869565216 0.23547400611620795 0.5815217391304348 0.23547400611620795
0 0.7853260869565217 0.10856269113149851 0.5557065217391305 0.10856269113149851 0.5557065217391305 0.28440366972477066 0.7853260869565217 0.2844036697247707
0 0.49728260869565233 0.4801223241590214 0.21467391304347833 0.4801223241590214 0.21467391304347838 0.6490825688073395 0.49728260869565233 0.6490825688073395