1 0.9144021739130435 0.6062846580406654 0.8953804347826086 0.6062846580406654 0.8953804347826086 0.6404805914972274 0.9144021739130435 0.6404805914972274
1 0.5584239130434784 0.5979667282809612 0.4769021739130436 0.5979667282809612 0.4769021739130436 0.6081330868761553 0.5584239130434784 0.6081330868761553
1 0.37228260869565233 0.5979667282809612 0.3029891304347827 0.5979667282809612 0.3029891304347827 0.6090573012939002 0.37228260869565233 0.6090573012939002
1 0.4836956521739132 0.744916820702403 0.43342391304347844 0.744916820702403 0.43342391304347844 0.756007393715342 0.4836956521739132 0.756007393715342
1 0.2948369565217393 0.83271719038817 0.24184782608695668 0.83271719038817 0.24184782608695668 0.8456561922365989 0.2948369565217393 0.8456561922365989
1 0.0923913043478262 0.6756007393715342 0.07744565217391317 0.6756007393715342 0.07744565217391317 0.7088724584103512 0.0923913043478262 0.7088724584103512
1 0.0923913043478262 0.5628465804066544 0.07744565217391314 0.5628465804066544 0.07744565217391315 0.5970425138632163 0.0923913043478262 0.5970425138632163
1 0.09510869565217399 0.4926062846580407 0.07608695652173923 0.4926062846580407 0.07608695652173923 0.5268022181146026 0.09510869565217399 0.5268022181146026
1 0.09239130434782616 0.3567467652495379 0.07472826086956527 0.3567467652495379 0.07472826086956529 0.3927911275415896 0.09239130434782616 0.3927911275415896
1 0.3084239130434783 0.3585951940850277 0.2880434782608696 0.3585951940850277 0.2880434782608696 0.3955637707948244 0.3084239130434783 0.3955637707948244
1 0.3097826086956522 0.18946395563770796 0.28804347826086957 0.18946395563770796 0.2880434782608696 0.2587800369685767 0.3097826086956523 0.2587800369685767
1 0.29347826086956524 0.15434380776340112 0.2418478260869565 0.15434380776340112 0.2418478260869565 0.16635859519408502 0.29347826086956524 0.16635859519408502
0 0.938858695652174 0.5951940850277264 0.4225543478260871 0.5951940850277264 0.4225543478260871 0.7578558225508318 0.938858695652174 0.7578558225508318
0 0.3111413043478262 0.7125693160813309 0.0692934782608697 0.7125693160813309 0.0692934782608697 0.8493530499075785 0.3111413043478262 0.8493530499075785
0 0.2336956521739132 0.6617375231053605 0.0720108695652175 0.6617375231053605 0.07201086956521752 0.7208872458410351 0.2336956521739132 0.7208872458410351
0 0.251358695652174 0.600739371534196 0.0720108695652175 0.600739371534196 0.0720108695652175 0.6746765249537893 0.25135869565217406 0.6746765249537893
0 0.25000000000000006 0.5452865064695009 0.07201086956521749 0.5452865064695009 0.0720108695652175 0.6025878003696857 0.25000000000000006 0.6025878003696857
0 0.251358695652174 0.4066543438077634 0.06929347826086964 0.4066543438077634 0.06929347826086965 0.5582255083179297 0.251358695652174 0.5582255083179297
0 0.251358695652174 0.27634011090573013 0.07201086956521745 0.27634011090573013 0.07201086956521746 0.4232902033271719 0.251358695652174 0.4232902033271719
0 0.31385869565217395 0.1478743068391867 0.0720108695652174 0.1478743068391867 0.07201086956521743 0.28835489833641403 0.313858695652174 0.28835489833641403
0 0.43750000000000017 0.6534195933456562 0.36548913043478276 0.6534195933456562 0.36548913043478276 0.7587800369685767 0.43750000000000017 0.7587800369685767