1 0.7323369565217395 0.8532608695652174 0.611413043478261 0.8532608695652174 0.611413043478261 0.8759057971014492 0.7323369565217395 0.8759057971014492
1 0.8709239130434783 0.5371376811594203 0.8355978260869565 0.5371376811594203 0.8355978260869565 0.5887681159420289 0.8709239130434783 0.5887681159420289
1 0.8709239130434783 0.371376811594203 0.8369565217391305 0.371376811594203 0.8369565217391305 0.4519927536231885 0.8709239130434783 0.4519927536231885
1 0.8709239130434783 0.1639492753623189 0.8342391304347826 0.1639492753623189 0.8342391304347826 0.24365942028985518 0.8709239130434783 0.24365942028985518
1 0.16576086956521743 0.21105072463768115 0.12907608695652178 0.21105072463768115 0.12907608695652178 0.2898550724637681 0.16576086956521743 0.2898550724637681
1 0.16440217391304354 0.42028985507246375 0.1290760869565218 0.42028985507246375 0.1290760869565218 0.473731884057971 0.16440217391304354 0.473731884057971
1 0.315217391304348 0.7608695652173914 0.20108695652173927 0.7608695652173914 0.20108695652173927 0.7753623188405797 0.315217391304348 0.7753623188405797
0 0.5149456521739131 0.07336956521739132 0.11956521739130435 0.07336956521739131 0.1195652173913044 0.40851449275362317 0.5149456521739131 0.40851449275362317
0 0.8899456521739131 0.07427536231884065 0.483695652173913 0.07427536231884063 0.483695652173913 0.31702898550724645 0.8899456521739131 0.31702898550724645
0 0.8899456521739131 0.2952898550724638 0.483695652173913 0.29528985507246375 0.48369565217391314 0.5271739130434783 0.8899456521739131 0.5271739130434783
0 0.8913043478260869 0.49818840579710144 0.5978260869565218 0.49818840579710144 0.5978260869565218 0.6195652173913043 0.8913043478260869 0.6195652173913043
0 0.5149456521739132 0.4936594202898551 0.12092391304347834 0.4936594202898551 0.12092391304347838 0.782608695652174 0.5149456521739132 0.782608695652174
0 0.4089673913043479 0.3894927536231884 0.11820652173913052 0.3894927536231884 0.11820652173913052 0.5135869565217391 0.408967391304348 0.5135869565217391
0 0.8884660326086957 0.5060144927536232 0.48394972826086974 0.5060144927536232 0.48394972826086974 0.8874864130434782 0.8884660326086958 0.8874864130434782