1 0.8653061224489796 0.8339307048984468 0.7238095238095238 0.8339307048984468 0.7238095238095238 0.8578255675029869 0.8653061224489796 0.8578255675029869
1 0.9755102040816327 0.6606929510155317 0.9482993197278912 0.6606929510155317 0.9482993197278912 0.7849462365591398 0.9755102040816327 0.7849462365591398
1 0.9795918367346939 0.13381123058542424 0.9510204081632653 0.13381123058542424 0.9510204081632653 0.2580645161290324 0.9795918367346939 0.2580645161290324
1 0.8925170068027211 0.05017921146953414 0.7510204081632653 0.050179211469534135 0.7510204081632653 0.07407407407407417 0.8925170068027211 0.07407407407407418
1 0.6639455782312925 0.05137395459976112 0.5959183673469388 0.05137395459976112 0.5959183673469388 0.07168458781362014 0.6639455782312925 0.07168458781362014
1 0.508843537414966 0.051373954599761094 0.3687074829931973 0.05137395459976109 0.3687074829931973 0.07646356033452813 0.508843537414966 0.07646356033452814
1 0.04353741496598644 0.24133811230585425 0.01904761904761908 0.24133811230585425 0.01904761904761909 0.36678614097968937 0.043537414965986454 0.36678614097968937
1 0.13605442176870755 0.4982078853046595 0.11020408163265313 0.4982078853046595 0.11020408163265313 0.6379928315412187 0.13605442176870755 0.6379928315412187
1 0.35646258503401373 0.7156511350059738 0.20136054421768715 0.7156511350059738 0.20136054421768715 0.7395459976105138 0.35646258503401373 0.7395459976105138
0 0.9782312925170068 0.04420549581839913 0.6666666666666666 0.04420549581839911 0.6666666666666666 0.34647550776583047 0.9782312925170068 0.34647550776583047
0 0.5904761904761905 0.041816009557945094 0.2816326530612245 0.04181600955794507 0.28163265306122454 0.34169653524492233 0.5904761904761905 0.34169653524492233
0 0.7034013605442176 0.04181600955794511 0.5591836734693878 0.04181600955794511 0.5591836734693878 0.2401433691756273 0.7034013605442176 0.2401433691756273
0 0.525170068027211 0.4169653524492234 0.10884353741496607 0.4169653524492234 0.10884353741496608 0.7395459976105138 0.525170068027211 0.7395459976105138
0 0.3129251700680272 0.16367980884109917 0.017687074829932 0.16367980884109917 0.017687074829932016 0.4444444444444444 0.3129251700680273 0.4444444444444444
0 0.9804703801955027 0.8627301341237562 0.9779451714811698 0.40822537939261094 0.6011006802721088 0.40983990442054963 0.6036258889864415 0.8643446591516948