1 0.8011283497884344 0.08658008658008665 0.6403385049365303 0.08658008658008665 0.6403385049365303 0.09740259740259746 0.8011283497884344 0.09740259740259746
1 0.9069111424541608 0.35822510822510834 0.8913963328631875 0.35822510822510834 0.8913963328631875 0.4816017316017317 0.9069111424541608 0.4816017316017317
1 0.7771509167842031 0.8906926406926406 0.6685472496473909 0.8906926406926406 0.6685472496473909 0.9047619047619048 0.7771509167842031 0.9047619047619048
1 0.33850493653032454 0.8917748917748918 0.23131170662905517 0.8917748917748918 0.23131170662905517 0.9015151515151515 0.33850493653032454 0.9015151515151515
1 0.12411847672778567 0.3354978354978355 0.10578279266572642 0.3354978354978355 0.10578279266572643 0.461038961038961 0.1241184767277857 0.461038961038961
0 0.9111424541607899 0.6396103896103896 0.5712270803949225 0.6396103896103896 0.5712270803949225 0.9069264069264069 0.9111424541607899 0.9069264069264069
0 0.9111424541607899 0.29220779220779225 0.5754583921015515 0.2922077922077922 0.5754583921015516 0.5476190476190477 0.9111424541607899 0.5476190476190478
0 0.4104372355430183 0.08333333333333334 0.10437235543018336 0.08333333333333333 0.10437235543018338 0.2683982683982684 0.4104372355430183 0.26839826839826847
0 0.5105782792665727 0.24891774891774895 0.09873060648801132 0.24891774891774893 0.09873060648801134 0.5508658008658008 0.5105782792665728 0.5508658008658008
0 0.2708039492242596 0.5313852813852814 0.10014104372355438 0.5313852813852814 0.1001410437235544 0.6904761904761905 0.2708039492242596 0.6904761904761905
0 0.5754583921015517 0.6601731601731602 0.3963328631875883 0.6601731601731602 0.3963328631875883 0.9069264069264069 0.5754583921015517 0.9069264069264069
0 0.9091495063469676 0.6594274891774892 0.9083874969327971 0.5296280144687051 0.5735783472870567 0.5307852806120305 0.5743403567012272 0.6605847553208146
0 0.39745133991537396 0.6309599567099566 0.10043723554301845 0.6309599567099566 0.10043723554301846 0.9074945887445888 0.39745133991537396 0.9074945887445888
0 0.9108801128349788 0.0798160173160174 0.4863653032440057 0.07981601731601737 0.4863653032440057 0.35917424242424245 0.9108801128349788 0.3591742424242425
0 0.5562821771612213 0.2768977431449242 0.5548509287460694 0.07819375537972488 0.3865548099050553 0.07890748063453892 0.38798605832020716 0.27761146839973827