1 0.08428246013667429 0.1395973154362416 0.06150341685649206 0.1395973154362416 0.06150341685649207 0.20268456375838925 0.08428246013667429 0.20268456375838925
1 0.08883826879271077 0.25100671140939596 0.05694760820045563 0.25100671140939596 0.056947608200455635 0.28053691275167786 0.08883826879271077 0.28053691275167786
1 0.08883826879271078 0.37718120805369126 0.06150341685649211 0.37718120805369126 0.06150341685649211 0.42416107382550333 0.0888382687927108 0.42416107382550333
1 0.08883826879271083 0.5020134228187919 0.05694760820045568 0.5020134228187919 0.056947608200455684 0.5651006711409396 0.08883826879271084 0.5651006711409396
1 0.09567198177676552 0.6738255033557047 0.054669703872437504 0.6738255033557047 0.054669703872437504 0.738255033557047 0.09567198177676554 0.738255033557047
1 0.26195899772209585 0.978523489932886 0.15034168564920292 0.978523489932886 0.15034168564920292 0.9932885906040269 0.26195899772209585 0.9932885906040269
1 0.4396355353075172 0.6724832214765101 0.4077448747152621 0.6724832214765101 0.4077448747152621 0.7355704697986577 0.4396355353075172 0.7355704697986577
1 0.8519362186788155 0.5422818791946309 0.8200455580865603 0.5422818791946309 0.8200455580865603 0.6040268456375839 0.8519362186788155 0.6040268456375839
1 0.8473804100227791 0.47651006711409394 0.8177676537585421 0.47651006711409394 0.8177676537585421 0.5073825503355704 0.8473804100227791 0.5073825503355704
1 0.8473804100227791 0.3342281879194632 0.8154897494305239 0.3342281879194632 0.8154897494305239 0.39731543624161075 0.8473804100227791 0.39731543624161075
1 0.8473804100227791 0.13020134228187927 0.8177676537585421 0.13020134228187927 0.8177676537585421 0.19463087248322156 0.8473804100227791 0.19463087248322156
1 0.8473804100227791 0.23087248322147658 0.8177676537585421 0.23087248322147658 0.8177676537585421 0.2590604026845638 0.8473804100227791 0.2590604026845638
0 0.4305239179954442 0.08859060402684565 0.06605922551252849 0.08859060402684564 0.0660592255125285 0.25100671140939596 0.4305239179954442 0.25100671140939596
0 0.22551252847380415 0.24295302013422818 0.06605922551252852 0.24295302013422818 0.06605922551252853 0.36644295302013424 0.22551252847380415 0.36644295302013424
0 0.43052391799544426 0.24161073825503357 0.20728929384965838 0.24161073825503357 0.20728929384965838 0.363758389261745 0.4305239179954443 0.363758389261745
0 0.223234624145786 0.35704697986577183 0.06378132118451033 0.35704697986577183 0.06378132118451034 0.47516778523489933 0.22323462414578601 0.47516778523489933
0 0.4305239179954443 0.35704697986577183 0.2095671981776766 0.35704697986577183 0.20956719817767663 0.47516778523489933 0.4305239179954443 0.47516778523489933
0 0.3302961275626425 0.46442953020134226 0.0683371298405468 0.46442953020134226 0.06833712984054681 0.6389261744966444 0.3302961275626425 0.6389261744966444
0 0.49658314350797267 0.0899328859060403 0.4123006833712984 0.0899328859060403 0.4123006833712984 0.20134228187919462 0.49658314350797267 0.20134228187919462
0 0.5854214123006835 0.5583892617449664 0.5148063781321186 0.5583892617449664 0.5148063781321186 0.6389261744966444 0.5854214123006837 0.6389261744966444
0 0.8405466970387244 0.4442953020134228 0.6150341685649203 0.4442953020134228 0.6150341685649203 0.5167785234899329 0.8405466970387244 0.5167785234899329
0 0.8382687927107062 0.4161073825503356 0.6150341685649203 0.4161073825503356 0.6150341685649203 0.44966442953020136 0.8382687927107062 0.44966442953020136
0 0.8405466970387244 0.22147651006711416 0.6036446469248291 0.22147651006711416 0.6036446469248291 0.29798657718120813 0.8405466970387244 0.29798657718120813
0 0.8443823098527912 0.44964761180450585 0.8423439635535307 0.2884671140939597 0.5111347744296688 0.28992151571227265 0.5131731207289293 0.4511020134228188
0 0.8402962954033255 0.2982357311354816 0.8398132118451027 0.0890268456375839 0.48025464417250197 0.08931513476743184 0.48073772773072476 0.2985240202653295
0 0.8418473804100228 0.5102523489932885 0.5162072892938498 0.5102523489932885 0.5162072892938498 0.6406724832214765 0.8418473804100229 0.6406724832214765
0 0.43199544419134406 0.6303369127516778 0.06479954441913453 0.6297302013422819 0.06307126723524326 0.9929299611074321 0.43026716700745277 0.9935366725168281