1 0.4891304347826087 3.188644290751999e-17 0.34646739130434784 2.6442416069650725e-17 0.34646739130434784 0.021168501270110107 0.4891304347826087 0.02116850127011011
1 0.2296195652173913 1.2080554792605135e-17 0.08695652173913043 6.636527954735868e-18 0.08695652173913043 0.020321761219305685 0.2296195652173913 0.020321761219305692
1 0.042119565217391346 0.21168501270110077 0.00815217391304352 0.21168501270110077 0.008152173913043525 0.26333615580016934 0.04211956521739135 0.26333615580016934
1 0.043478260869565306 0.38018628281117695 0.008152173913043553 0.38018628281117695 0.008152173913043561 0.47163420829805247 0.04347826086956531 0.47163420829805247
1 0.04755434782608707 0.5486875529212532 0.0067934782608696734 0.5486875529212532 0.006793478260869682 0.6375952582557155 0.04755434782608707 0.6375952582557155
1 0.04347826086956536 0.6960203217612193 0.008152173913043615 0.6960203217612193 0.00815217391304362 0.7468247248094835 0.04347826086956537 0.7468247248094835
1 0.11820652173913063 0.9737510584250635 0.06657608695652194 0.9737510584250635 0.06657608695652194 0.9949195596951735 0.11820652173913063 0.9949195596951735
1 0.25000000000000017 0.9737510584250635 0.17527173913043495 0.9737510584250635 0.17527173913043498 0.995766299745978 0.2500000000000002 0.995766299745978
1 0.39266304347826103 0.9729043183742591 0.3179347826086958 0.9729043183742591 0.31793478260869584 0.9966130397967824 0.39266304347826103 0.9966130397967824
1 0.8641304347826086 0.22861981371718892 0.8247282608695652 0.22861981371718892 0.8247282608695652 0.2777307366638443 0.8641304347826086 0.2777307366638443
1 0.8627717391304348 0.3911939034716343 0.8260869565217391 0.3911939034716343 0.8260869565217391 0.4394580863674852 0.8627717391304348 0.4394580863674852
0 0.296195652173913 0.0008467400508044145 0.005434782608695652 0.0008467400508044035 0.00543478260869567 0.18628281117696868 0.296195652173913 0.18628281117696868
0 0.5774456521739131 3.224937803004461e-17 0.26766304347826086 2.0428062610671346e-17 0.2676630434782609 0.2193056731583404 0.5774456521739131 0.2193056731583404
0 0.8722826086956522 0.19559695173581715 0.5407608695652174 0.19559695173581715 0.5407608695652175 0.4741744284504657 0.8722826086956522 0.4741744284504657
0 0.2024456521739131 0.19813717188823032 0.006793478260869604 0.19813717188823032 0.006793478260869618 0.34801016088060965 0.2024456521739131 0.34801016088060965
0 0.2880434782608696 0.3336155800169348 0.002717391304347891 0.3336155800169348 0.00271739130434791 0.5198983911939035 0.2880434782608696 0.5198983911939035
0 0.3342391304347827 0.5012701100762066 0.002717391304347925 0.5012701100762066 0.0027173913043479427 0.6841659610499576 0.33423913043478276 0.6841659610499576
0 0.283967391304348 0.6689246401354784 1.3144986023456646e-16 0.6689246401354784 1.415997861514127e-16 0.7722269263336156 0.283967391304348 0.7722269263336156
0 0.46603260869565233 0.6689246401354784 0.26222826086956535 0.6689246401354784 0.26222826086956535 0.7722269263336156 0.46603260869565233 0.7722269263336156
0 0.4429347826086958 0.7569856054191363 0.01766304347826102 0.7569856054191363 0.01766304347826104 0.9915325994919559 0.4429347826086958 0.9915325994919559
0 0.7092391304347826 0.497883149872989 0.4470108695652176 0.497883149872989 0.4470108695652176 0.6350550381033023 0.7092391304347826 0.6350550381033023
0 0.8845108695652174 0.502116850127011 0.6793478260869567 0.502116850127011 0.6793478260869567 0.6350550381033023 0.8845108695652174 0.6350550381033023
0 0.5442595108695653 0.47210584250635057 0.5427804659689593 0.20028393508910539 0.3177246299107945 0.2007595363700039 0.3192036748114004 0.47258144378724914
0 0.9986413043478259 0.6094614733276884 0.9973899456521736 0.44925063505503804 0.8201833766963257 0.4497881933570242 0.821434735391978 0.6099990316296745