1 0.8654205607476636 0.0627737226277373 0.6654205607476635 0.06277372262773728 0.6654205607476635 0.08759124087591248 0.8654205607476636 0.0875912408759125
1 0.5588785046728972 0.06277372262773728 0.44672897196261685 0.06277372262773727 0.44672897196261685 0.08613138686131393 0.5588785046728972 0.08613138686131393
1 0.9719626168224299 0.1357664233576643 0.9457943925233645 0.1357664233576643 0.9457943925233645 0.289051094890511 0.9719626168224299 0.289051094890511
1 0.9719626168224299 0.36204379562043804 0.9420560747663551 0.36204379562043804 0.9420560747663551 0.4496350364963505 0.9719626168224299 0.4496350364963505
1 0.9700934579439252 0.5357664233576644 0.9420560747663551 0.5357664233576644 0.9420560747663552 0.6919708029197082 0.9700934579439252 0.6919708029197082
1 0.8654205607476637 0.7445255474452555 0.6691588785046731 0.7445255474452555 0.6691588785046731 0.7722627737226277 0.8654205607476637 0.7722627737226277
1 0.3177570093457945 0.7474452554744525 0.12336448598130852 0.7474452554744525 0.12336448598130852 0.7722627737226277 0.3177570093457945 0.7722627737226277
1 0.05794392523364495 0.5386861313868613 0.029906542056074847 0.5386861313868613 0.029906542056074858 0.6861313868613139 0.057943925233644965 0.6861313868613139
1 0.11588785046728978 0.25547445255474455 0.08598130841121501 0.25547445255474455 0.08598130841121501 0.4072992700729927 0.11588785046728978 0.4072992700729927
1 0.28785046728971964 0.20145985401459854 0.12523364485981314 0.20145985401459854 0.12523364485981314 0.22043795620437956 0.28785046728971964 0.22043795620437956
0 0.9794392523364486 0.05839416058394169 0.5570093457943925 0.058394160583941666 0.5570093457943925 0.36496350364963515 0.9794392523364486 0.36496350364963515
0 0.9813084112149533 0.3343065693430658 0.7121495327102804 0.3343065693430658 0.7121495327102804 0.4773722627737227 0.9813084112149533 0.4773722627737228
0 0.9813084112149533 0.4525547445255475 0.5570093457943925 0.45255474452554745 0.5570093457943927 0.7839416058394161 0.9813084112149533 0.7839416058394161
0 0.5943925233644861 0.4510948905109489 0.026168224299065495 0.4510948905109489 0.026168224299065516 0.7824817518248175 0.5943925233644862 0.7824817518248175
0 0.4392523364485982 0.19416058394160587 0.07476635514018694 0.19416058394160585 0.07476635514018697 0.4802919708029197 0.43925233644859824 0.4802919708029197
0 0.5925233644859813 0.05839416058394166 0.4074766355140187 0.058394160583941646 0.4074766355140187 0.28029197080291973 0.5925233644859813 0.2802919708029198