1 0.1518987341772153 0.48931116389548696 0.13502109704641363 0.48931116389548696 0.13502109704641363 0.5665083135391924 0.1518987341772153 0.5665083135391924
1 0.15189873417721528 0.38954869358669836 0.13713080168776376 0.38954869358669836 0.13713080168776381 0.42280285035629456 0.1518987341772153 0.42280285035629456
1 0.4219409282700422 0.171021377672209 0.2637130801687764 0.171021377672209 0.2637130801687764 0.18052256532066507 0.4219409282700422 0.18052256532066507
1 0.8776371308016878 0.3171021377672209 0.8670886075949367 0.3171021377672209 0.8670886075949367 0.3836104513064133 0.8776371308016878 0.3836104513064133
1 0.8797468354430381 0.5285035629453682 0.8649789029535865 0.5285035629453682 0.8649789029535866 0.6033254156769596 0.8797468354430382 0.6033254156769596
1 0.7995780590717302 0.7660332541567696 0.6097046413502112 0.7660332541567696 0.6097046413502112 0.7731591448931117 0.7995780590717302 0.7731591448931117
1 0.4113924050632914 0.8456057007125891 0.2742616033755277 0.8456057007125891 0.2742616033755277 0.8551068883610451 0.4113924050632914 0.8551068883610451
1 0.1518987341772153 0.6342042755344418 0.13713080168776384 0.6342042755344418 0.13713080168776384 0.667458432304038 0.1518987341772153 0.667458432304038
0 0.44725738396624487 0.3669833729216152 0.13924050632911397 0.3669833729216152 0.13924050632911403 0.4477434679334917 0.44725738396624487 0.4477434679334917
0 0.44725738396624487 0.4418052256532066 0.13924050632911406 0.4418052256532066 0.13924050632911406 0.6140142517814727 0.44725738396624487 0.6140142517814727
0 0.44725738396624487 0.6092636579572447 0.13924050632911406 0.6092636579572447 0.13924050632911408 0.6923990498812351 0.44725738396624487 0.6923990498812351
0 0.5443037974683547 0.6864608076009501 0.13924050632911406 0.6864608076009501 0.13924050632911408 0.8551068883610451 0.5443037974683547 0.8551068883610451
0 0.5441359984674817 0.4475010980325683 0.5433544303797468 0.1712042755344418 0.13781182831494507 0.17156782198738801 0.13859339640267998 0.44786464448551455
0 0.8797468354430381 0.4477434679334917 0.5337552742616035 0.4477434679334917 0.5337552742616035 0.7743467933491687 0.8797468354430382 0.7743467933491687
0 0.879746835443038 0.2529691211401426 0.5337552742616034 0.2529691211401426 0.5337552742616034 0.4477434679334917 0.879746835443038 0.4477434679334917