1 0.704 0.09401709401709407 0.572 0.09401709401709406 0.572 0.11355311355311361 0.704 0.11355311355311362
1 0.872 0.32112332112332115 0.838 0.32112332112332115 0.838 0.3772893772893773 0.872 0.3772893772893773
1 0.442 0.09523809523809527 0.308 0.09523809523809527 0.308 0.1135531135531136 0.442 0.1135531135531136
1 0.18800000000000006 0.32112332112332115 0.15000000000000005 0.32112332112332115 0.15000000000000005 0.40293040293040294 0.18800000000000006 0.40293040293040294
1 0.1800000000000001 0.48595848595848595 0.1520000000000001 0.48595848595848595 0.1520000000000001 0.5384615384615384 0.1800000000000001 0.5384615384615384
1 0.8640000000000001 0.4554334554334554 0.836 0.4554334554334554 0.8360000000000001 0.5714285714285714 0.8640000000000002 0.5714285714285714
1 0.8680000000000002 0.6190476190476191 0.8380000000000002 0.6190476190476191 0.8380000000000002 0.6764346764346765 0.8680000000000002 0.6764346764346765
1 0.1840000000000001 0.5848595848595849 0.1560000000000001 0.5848595848595849 0.1560000000000001 0.6691086691086691 0.1840000000000001 0.6691086691086691
1 0.7700000000000002 0.7094017094017094 0.7400000000000002 0.7094017094017094 0.7400000000000002 0.8253968253968254 0.7700000000000002 0.8253968253968254
1 0.18000000000000016 0.7997557997557998 0.15200000000000016 0.7997557997557998 0.15200000000000016 0.9181929181929182 0.18000000000000016 0.9181929181929182
1 0.3780000000000002 0.9597069597069597 0.23800000000000018 0.9597069597069597 0.23800000000000018 0.9792429792429792 0.3780000000000002 0.9792429792429792
0 0.47200000000000003 0.2710622710622711 0.14400000000000004 0.27106227106227104 0.14400000000000007 0.4725274725274725 0.4720000000000001 0.4725274725274725
0 0.4720000000000001 0.45054945054945056 0.14200000000000013 0.45054945054945056 0.14200000000000013 0.5604395604395604 0.4720000000000001 0.5604395604395604
0 0.47000000000000014 0.5299145299145299 0.13800000000000012 0.5299145299145299 0.13800000000000015 0.7472527472527473 0.47000000000000014 0.7472527472527473
0 0.4700000000000002 0.7203907203907204 0.13800000000000018 0.7203907203907204 0.13800000000000018 0.9853479853479854 0.47000000000000025 0.9853479853479854
0 0.876 0.26862026862026867 0.538 0.26862026862026867 0.538 0.39194139194139194 0.876 0.39194139194139194
0 0.8743829924462627 0.30073916889153846 0.8732706685673746 0.0856519366365069 0.4849119999999999 0.0864004884004884 0.48602432387888816 0.30148772065552
0 0.8754746105264257 0.7233344672684558 0.8753094507197058 0.36563700534714855 0.539766 0.36569474969474974 0.5399311598067199 0.7233922116160569
0 0.5305680994726711 0.2971643052281725 0.5282897703572502 0.08572778209857909 0.14146853580596203 0.08728130966283988 0.14374686492138294 0.29871783279243325
0 0.7876305939678305 0.8838949818344345 0.7785983256301524 0.5521576910873526 0.4287037316623219 0.5557083746985836 0.43773600000000007 0.8874456654456656