1 0.21097046413502113 0.14563106796116504 0.19198312236286919 0.14563106796116504 0.19198312236286924 0.20804438280166435 0.21097046413502116 0.20804438280166435
1 0.219409282700422 0.33841886269070737 0.18565400843881863 0.33841886269070737 0.18565400843881863 0.40499306518723993 0.219409282700422 0.40499306518723993
1 0.21729957805907185 0.536754507628294 0.1898734177215191 0.536754507628294 0.1898734177215191 0.5991678224687933 0.21729957805907185 0.5991678224687933
1 0.4177215189873419 0.897364771151179 0.28270042194092837 0.897364771151179 0.28270042194092837 0.9112343966712899 0.4177215189873419 0.9112343966712899
1 0.6962025316455699 0.8335644937586685 0.5632911392405066 0.8335644937586685 0.5632911392405066 0.8474341192787794 0.6962025316455699 0.8474341192787794
1 0.7805907172995781 0.44660194174757284 0.7616033755274262 0.44660194174757284 0.7616033755274262 0.47711511789181693 0.7805907172995781 0.47711511789181693
1 0.7827004219409283 0.3509015256588073 0.7616033755274262 0.3509015256588073 0.7616033755274262 0.3814147018030513 0.7827004219409283 0.3814147018030513
1 0.6814345991561181 0.07766990291262141 0.5843881856540084 0.0776699029126214 0.5843881856540084 0.08876560332871017 0.6814345991561181 0.08876560332871017
1 0.7784810126582279 0.5312066574202496 0.7658227848101266 0.5312066574202496 0.7658227848101266 0.5617198335644937 0.7784810126582279 0.5617198335644937
0 0.4936708860759494 0.07905686546463249 0.1962025316455696 0.07905686546463248 0.19620253164556964 0.30374479889043 0.4936708860759494 0.30374479889043005
0 0.40506329113924056 0.29542302357836336 0.19620253164556967 0.29542302357836336 0.19620253164556967 0.47434119278779474 0.4050632911392406 0.47434119278779474
0 0.4050632911392406 0.4646324549237171 0.19620253164556967 0.4646324549237171 0.19620253164556972 0.6449375866851595 0.4050632911392406 0.6449375866851595
0 0.4894514767932491 0.6380027739251041 0.19620253164556975 0.6380027739251041 0.19620253164556978 0.9070735090152566 0.4894514767932491 0.9070735090152566
0 0.778481012658228 0.6380027739251041 0.4894514767932491 0.6380027739251041 0.4894514767932491 0.8432732316227461 0.7784810126582281 0.8432732316227461
0 0.7763713080168776 0.5228848821081831 0.47890295358649804 0.5228848821081831 0.47890295358649804 0.6393897364771152 0.7763713080168776 0.6393897364771152
0 0.7784810126582279 0.42718446601941745 0.569620253164557 0.42718446601941745 0.569620253164557 0.5312066574202496 0.7784810126582279 0.5312066574202496
0 0.7784810126582279 0.0804438280166436 0.47890295358649787 0.08044382801664358 0.47890295358649787 0.3023578363384189 0.7784810126582279 0.30235783633841895
0 0.7789559304542961 0.43319632722972445 0.777916455597568 0.29439947441626685 0.5669056728225966 0.29508248144451754 0.5679451476793248 0.43387933425797504