1 0.06976744186046524 0.4935483870967742 0.036821705426356696 0.4935483870967742 0.0368217054263567 0.5774193548387097 0.06976744186046525 0.5774193548387097
1 0.06589147286821714 0.3172043010752688 0.03875968992248069 0.3172043010752688 0.038759689922480696 0.4 0.06589147286821714 0.4
1 0.5406976744186046 0.018279569892473153 0.3953488372093023 0.01827956989247315 0.3953488372093023 0.032258064516129066 0.5406976744186046 0.03225806451612907
1 0.8565891472868217 0.01827956989247317 0.7093023255813954 0.018279569892473164 0.7093023255813954 0.03440860215053769 0.8565891472868217 0.0344086021505377
1 0.9341085271317829 0.16989247311827962 0.9089147286821705 0.16989247311827962 0.9089147286821705 0.23010752688172048 0.9341085271317829 0.23010752688172048
1 0.9341085271317829 0.34516129032258075 0.9069767441860465 0.34516129032258075 0.9069767441860465 0.42580645161290337 0.9341085271317829 0.42580645161290337
1 0.9360465116279071 0.4806451612903227 0.9089147286821705 0.4806451612903227 0.9089147286821706 0.5193548387096776 0.9360465116279072 0.5193548387096776
1 0.9360465116279072 0.5365591397849464 0.9089147286821707 0.5365591397849464 0.9089147286821707 0.578494623655914 0.9360465116279072 0.578494623655914
1 0.9360465116279072 0.6655913978494624 0.9108527131782947 0.6655913978494624 0.9108527131782947 0.7064516129032258 0.9360465116279072 0.7064516129032258
1 0.3178294573643413 0.9075268817204301 0.12209302325581414 0.9075268817204301 0.12209302325581414 0.9204301075268817 0.3178294573643413 0.9204301075268817
0 0.5910852713178295 0.01720430107526885 0.33527131782945735 0.01720430107526884 0.33527131782945735 0.20860215053763445 0.5910852713178295 0.20860215053763448
0 0.46317829457364346 0.20215053763440863 0.3333333333333333 0.2021505376344086 0.33333333333333337 0.2516129032258065 0.4631782945736435 0.25161290322580654
0 0.5930232558139535 0.20215053763440866 0.45542635658914726 0.20215053763440866 0.4554263565891473 0.2526881720430108 0.5930232558139535 0.2526881720430108
0 0.9321705426356589 0.017204301075268866 0.5813953488372093 0.017204301075268855 0.5813953488372093 0.15806451612903233 0.9321705426356589 0.15806451612903233
0 0.9321705426356589 0.1516129032258065 0.6763565891472868 0.1516129032258065 0.6763565891472868 0.2473118279569893 0.9321705426356589 0.2473118279569893
0 0.9321705426356589 0.2408602150537635 0.6763565891472868 0.2408602150537635 0.6763565891472868 0.3215053763440861 0.9321705426356589 0.32150537634408616
0 0.4806589147286822 0.24077526881720432 0.04021705426356594 0.2407752688172043 0.04021705426356596 0.4610354838709677 0.4806589147286823 0.4610354838709677
0 0.4812693798449614 0.4609806451612904 0.040193798449612496 0.4608645161290323 0.04006255494528712 0.6143203955529476 0.481138136340636 0.6144365245852057
0 0.4804646666598119 0.7319897796060713 0.48001957256891264 0.6130310725271526 0.040190869728396986 0.6135376812544098 0.04063596381929623 0.7324963883333285
0 0.4825116279069769 0.7077032258064516 0.03865116279069785 0.7077032258064516 0.03865116279069788 0.9200376344086021 0.48251162790697694 0.9200376344086021
0 0.5910852713178295 0.2989247311827957 0.47093023255813965 0.2989247311827957 0.47093023255813965 0.3795698924731183 0.5910852713178295 0.3795698924731183
0 0.5988372093023256 0.44408602150537635 0.4728682170542637 0.44408602150537635 0.4728682170542637 0.5795698924731183 0.5988372093023258 0.5795698924731183
0 0.5910852713178295 0.3763440860215054 0.47093023255813965 0.3763440860215054 0.47093023255813965 0.44731182795698926 0.5910852713178295 0.44731182795698926
0 0.932170542635659 0.4440860215053764 0.5891472868217055 0.44408602150537635 0.5891472868217056 0.5333333333333334 0.9321705426356591 0.5333333333333334
0 0.9321705426356589 0.31720430107526887 0.5813953488372093 0.3172043010752688 0.5813953488372093 0.4473118279569893 0.9321705426356589 0.44731182795698937
0 0.5988372093023258 0.5763440860215053 0.4728682170542637 0.5763440860215053 0.4728682170542637 0.6559139784946236 0.5988372093023258 0.6559139784946236
0 0.9341085271317832 0.5301075268817205 0.5891472868217057 0.5301075268817205 0.5891472868217057 0.7139784946236559 0.9341085271317832 0.7139784946236559