1 0.19818181818181824 0.32793959007551243 0.18181818181818188 0.32793959007551243 0.18181818181818188 0.34951456310679613 0.19818181818181824 0.34951456310679613
1 0.2000000000000001 0.3851132686084142 0.18181818181818193 0.3851132686084142 0.18181818181818193 0.43797195253505933 0.2000000000000001 0.43797195253505933
1 0.1981818181818183 0.47249190938511326 0.18363636363636374 0.47249190938511326 0.18363636363636374 0.5242718446601942 0.1981818181818183 0.5242718446601942
1 0.19636363636363646 0.5458468176914779 0.18181818181818193 0.5458468176914779 0.18181818181818193 0.5900755124056095 0.19636363636363646 0.5900755124056095
1 0.3000000000000001 0.2599784250269687 0.2672727272727274 0.2599784250269687 0.2672727272727274 0.2696871628910464 0.3000000000000001 0.2696871628910464
0 0.7745454545454545 0.2535059331175837 0.5218181818181818 0.2535059331175837 0.5218181818181818 0.41639697950377563 0.7745454545454545 0.41639697950377563
0 0.39454545454545464 0.3635382955771305 0.17818181818181825 0.3635382955771305 0.17818181818181825 0.45846817691477887 0.39454545454545464 0.45846817691477887
0 0.39454545454545464 0.44660194174757284 0.17818181818181827 0.44660194174757284 0.17818181818181827 0.5436893203883495 0.39454545454545464 0.5436893203883495
0 0.3963636363636365 0.5329018338727076 0.17636363636363647 0.5329018338727076 0.17636363636363647 0.5997842502696872 0.3963636363636365 0.5997842502696872
0 0.30545454545454553 0.5900755124056095 0.17454545454545464 0.5900755124056095 0.17454545454545467 0.6537216828478964 0.30545454545454553 0.6537216828478964
0 0.3963636363636365 0.5889967637540453 0.2890909090909092 0.5889967637540453 0.2890909090909092 0.6548004314994607 0.3963636363636365 0.6548004314994607
0 0.5672727272727275 0.7799352750809061 0.4509090909090911 0.7799352750809061 0.4509090909090911 0.8478964401294499 0.5672727272727275 0.8478964401294499
0 0.8109090909090911 0.639697950377562 0.6145454545454547 0.639697950377562 0.6145454545454547 0.8069039913700108 0.8109090909090911 0.8069039913700108
0 0.6472727272727273 0.40129449838187703 0.4290909090909092 0.40129449838187703 0.4290909090909092 0.6526429341963322 0.6472727272727274 0.6526429341963322
0 0.330909090909091 0.25674217907227614 0.17636363636363642 0.25674217907227614 0.17636363636363642 0.3268608414239482 0.330909090909091 0.3268608414239482
0 0.5410109090909092 0.2567907227615966 0.17663684827541115 0.25623839682485433 0.17609503009359295 0.38206471829195243 0.540469090909091 0.38261704422869475
0 0.5636363636363638 0.7108953613807982 0.46000000000000013 0.7108953613807982 0.46000000000000013 0.7626752966558792 0.5636363636363638 0.7626752966558792
0 0.561818181818182 0.6429341963322546 0.46000000000000013 0.6429341963322546 0.46000000000000013 0.7216828478964401 0.561818181818182 0.7216828478964401