1 0.8240418118466899 0.04900000000000006 0.8048780487804879 0.04900000000000006 0.8048780487804879 0.13000000000000006 0.8240418118466899 0.13000000000000006
1 0.8222996515679443 0.19600000000000006 0.8048780487804879 0.19600000000000006 0.8048780487804879 0.2780000000000001 0.8222996515679443 0.27800000000000014
1 0.8240418118466899 0.35200000000000004 0.8048780487804879 0.352 0.8048780487804879 0.43400000000000005 0.8240418118466899 0.4340000000000001
1 0.8222996515679445 0.47100000000000003 0.804878048780488 0.471 0.804878048780488 0.5010000000000001 0.8222996515679445 0.5010000000000001
1 0.8240418118466901 0.52 0.8031358885017423 0.52 0.8031358885017423 0.575 0.8240418118466901 0.575
1 0.8222996515679445 0.595 0.8031358885017423 0.595 0.8031358885017423 0.678 0.8222996515679445 0.678
1 0.9686411149825784 0.678 0.9181184668989547 0.678 0.9181184668989547 0.689 0.9686411149825784 0.689
1 0.3362369337979096 0.9 0.27003484320557514 0.9 0.27003484320557514 0.912 0.3362369337979096 0.912
1 0.15331010452961694 0.9 0.08885017421602807 0.9 0.08885017421602807 0.911 0.15331010452961694 0.911
1 0.06445993031358899 0.627 0.045296167247386894 0.627 0.0452961672473869 0.68 0.064459930313589 0.68
1 0.06271777003484331 0.497 0.04703832752613252 0.497 0.047038327526132524 0.578 0.06271777003484333 0.578
1 0.06445993031358893 0.351 0.04529616724738683 0.351 0.04529616724738684 0.432 0.06445993031358895 0.432
1 0.3588850174216029 0.259 0.33797909407665516 0.259 0.33797909407665516 0.305 0.3588850174216029 0.305
1 0.35714285714285715 0.027000000000000024 0.33797909407665505 0.02700000000000002 0.33797909407665505 0.08000000000000003 0.35714285714285715 0.08000000000000003
0 1 0.676 0.7979094076655054 0.676 0.7979094076655054 0.791 1 0.791
0 0.3989547038327528 0.581 0.04181184668989559 0.581 0.04181184668989561 0.728 0.39895470383275283 0.728
0 0.5017421602787457 0.304 0.040069686411149885 0.304 0.04006968641114991 0.494 0.5017421602787459 0.494
0 0.49825783972125437 0.24500000000000002 0.3310104529616726 0.245 0.3310104529616726 0.318 0.49825783972125437 0.318
0 0.3989547038327527 0.493 0.03832752613240428 0.493 0.03832752613240429 0.583 0.3989547038327527 0.583
0 0.8275261324041814 0.585 0.4878048780487807 0.585 0.4878048780487807 0.731 0.8275261324041814 0.731
0 0.8275261324041814 0.504 0.5609756097560977 0.504 0.5609756097560977 0.599 0.8275261324041814 0.599
0 0.8292682926829269 0.4580000000000001 0.6393728222996515 0.458 0.6393728222996516 0.512 0.829268292682927 0.512
0 0.8308954703832753 4.6168265842755856e-17 0.48266724738675953 3.392896203505734e-17 0.48266724738675953 0.19988400000000003 0.8308954703832753 0.19988400000000003
0 0.5053957708347587 0.12022365184274322 0.5035031010979363 -0.00033955869906013845 0.3323320689391357 0.0005457894581966234 0.3342247386759582 0.12110899999999998
0 0.8290096809850325 0.1626905647241346 0.5612966458011935 0.1622087594370153 0.5603470315705023 0.3360564618822138 0.8280600667543411 0.3365382671693331
0 0.8310226480836237 0.46763800000000005 0.8286029234578073 0.29856041065345335 0.5577788816459607 0.2998374106534533 0.5601986062717771 0.468915
0 0.5 0.18100000000000002 0.3327526132404181 0.181 0.33275261324041816 0.259 0.5 0.259
0 0.5052766070397157 0.19127533009975836 0.5045796448664177 0.090807447610827 0.3317483831320588 0.09120247576030015 0.3324453453053568 0.1916703582492315
0 0.3811164445419644 0.9149890950073861 0.37855226480836235 0.7163359999999999 -0.0019085121412459336 0.7179540308689458 0.0006556675923561536 0.916607125876332