1 0.6983695652173914 0.06942148760330583 0.532608695652174 0.06942148760330583 0.532608695652174 0.08099173553719013 0.6983695652173914 0.08099173553719013
1 0.37228260869565216 0.15206611570247935 0.22826086956521738 0.15206611570247933 0.22826086956521738 0.16528925619834714 0.37228260869565216 0.16528925619834717
1 0.1766304347826088 0.3669421487603306 0.14673913043478268 0.3669421487603306 0.14673913043478268 0.42644628099173554 0.1766304347826088 0.42644628099173554
1 0.17934782608695662 0.5223140495867769 0.14945652173913054 0.5223140495867769 0.14945652173913054 0.6132231404958678 0.17934782608695668 0.6132231404958678
1 0.4836956521739132 0.7834710743801653 0.4538043478260871 0.7834710743801653 0.4538043478260871 0.8677685950413223 0.4836956521739132 0.8677685950413223
1 0.6548913043478263 0.8809917355371901 0.5190217391304349 0.8809917355371901 0.5190217391304349 0.8991735537190083 0.6548913043478263 0.8991735537190083
1 0.8016304347826089 0.7074380165289256 0.7744565217391305 0.7074380165289256 0.7744565217391306 0.7917355371900826 0.801630434782609 0.7917355371900826
1 0.8016304347826086 0.49421487603305786 0.7744565217391305 0.49421487603305786 0.7744565217391305 0.5801652892561984 0.8016304347826086 0.5801652892561984
1 0.8070652173913043 0.19834710743801656 0.7744565217391305 0.19834710743801656 0.7744565217391305 0.290909090909091 0.8070652173913043 0.290909090909091
1 0.6521739130434784 0.35867768595041327 0.6222826086956522 0.3586776859504132 0.6222826086956522 0.43636363636363634 0.6521739130434784 0.43636363636363634
0 0.7961956521739131 0.0710743801652893 0.4320652173913043 0.07107438016528927 0.4320652173913043 0.16528925619834717 0.7961956521739131 0.16528925619834717
0 0.7961956521739131 0.15537190082644634 0.42934782608695654 0.15537190082644634 0.42934782608695654 0.33553719008264465 0.7961956521739131 0.3355371900826447
0 0.45108695652173914 0.15702479338842978 0.15489130434782614 0.15702479338842976 0.15489130434782614 0.3338842975206612 0.45108695652173914 0.3338842975206612
0 0.34782608695652184 0.3256198347107438 0.15217391304347833 0.3256198347107438 0.15217391304347833 0.47107438016528924 0.3478260869565219 0.47107438016528924
0 0.6467391304347827 0.3239669421487604 0.33152173913043487 0.3239669421487603 0.33152173913043487 0.47107438016528924 0.6467391304347828 0.47107438016528924
0 0.7961956521739132 0.6049586776859505 0.45923913043478276 0.6049586776859505 0.45923913043478276 0.8958677685950414 0.7961956521739133 0.8958677685950414
0 0.4753831521739132 0.46051074380165286 0.151046195652174 0.46051074380165286 0.15104619565217403 0.6741388429752065 0.4753831521739132 0.6741388429752065
0 0.7969375000000001 0.46107438016528923 0.4327554347826088 0.46107438016528923 0.4327554347826088 0.6143917355371901 0.7969375000000001 0.6143917355371901