1 0.4945652173913043 0.1307627829002515 0.41440217391304346 0.1307627829002515 0.41440217391304346 0.14082145850796315 0.4945652173913043 0.14082145850796315
1 0.7282608695652174 0.24811399832355416 0.7092391304347826 0.24811399832355416 0.7092391304347826 0.26906957250628677 0.7282608695652174 0.26906957250628677
1 0.3736413043478261 0.3570829840737636 0.21467391304347833 0.3570829840737636 0.21467391304347833 0.3671416596814753 0.3736413043478261 0.3671416596814753
1 0.6793478260869567 0.6236378876781223 0.6616847826086958 0.6236378876781223 0.6616847826086958 0.6546521374685667 0.6793478260869567 0.6546521374685667
1 0.45516304347826103 0.5934618608549874 0.4225543478260871 0.5934618608549874 0.4225543478260871 0.6051969823973177 0.45516304347826103 0.6051969823973177
1 0.3111413043478262 0.6923721709974854 0.1807065217391306 0.6923721709974854 0.1807065217391306 0.7049455155071249 0.3111413043478262 0.7049455155071249
0 0.4116847826086957 0.03688181056160941 0.12771739130434784 0.0368818105616094 0.12771739130434784 0.269907795473596 0.4116847826086957 0.269907795473596
0 0.8464673913043478 0.03772003352891874 0.4986413043478261 0.03772003352891873 0.4986413043478261 0.21374685666387264 0.8464673913043478 0.21374685666387264
0 0.7323369565217391 0.19782062028499586 0.4986413043478261 0.19782062028499586 0.4986413043478261 0.29086336965632864 0.7323369565217391 0.2908633696563287
0 0.41711956521739146 0.4450963956412406 0.13179347826086965 0.4450963956412406 0.13179347826086968 0.7057837384744342 0.41711956521739146 0.7057837384744342
0 0.5217391304347828 0.5222129086336965 0.38586956521739146 0.5222129086336965 0.38586956521739146 0.606035205364627 0.5217391304347828 0.606035205364627
0 0.845108695652174 0.5909471919530596 0.6603260869565218 0.5909471919530596 0.6603260869565218 0.7057837384744342 0.845108695652174 0.7057837384744342
0 0.845108695652174 0.44090528080469404 0.5013586956521741 0.44090528080469404 0.5013586956521741 0.6068734283319362 0.845108695652174 0.6068734283319362
0 0.845108695652174 0.2757753562447611 0.4945652173913043 0.2757753562447611 0.49456521739130443 0.46186085498742663 0.845108695652174 0.46186085498742663