1 0.9116847826086957 0.20830244625648636 0.8777173913043478 0.20830244625648636 0.8777173913043478 0.3232023721275019 0.9116847826086957 0.3232023721275019
1 0.9116847826086957 0.4032616753150482 0.8804347826086957 0.4032616753150482 0.8804347826086957 0.5166790214974055 0.9116847826086957 0.5166790214974055
1 0.907608695652174 0.6241660489251297 0.875 0.6241660489251297 0.875 0.6649369903632321 0.907608695652174 0.6649369903632321
1 0.8695652173913047 0.85470719051149 0.6616847826086958 0.85470719051149 0.6616847826086958 0.8724981467753892 0.8695652173913047 0.8724981467753892
1 0.1154891304347828 0.8687916975537435 0.0842391304347828 0.8687916975537435 0.08423913043478282 0.910303928836175 0.1154891304347828 0.910303928836175
1 0.11548913043478279 0.7294292068198666 0.08695652173913059 0.7294292068198666 0.08695652173913061 0.8050407709414381 0.1154891304347828 0.8050407709414381
1 0.11548913043478275 0.5878428465530022 0.08559782608695665 0.5878428465530022 0.08559782608695667 0.6649369903632321 0.11548913043478276 0.6649369903632321
1 0.11413043478260881 0.4492216456634544 0.0842391304347827 0.4492216456634544 0.08423913043478272 0.5233506300963677 0.11413043478260881 0.5233506300963677
1 0.11548913043478266 0.2112676056338028 0.08695652173913047 0.2112676056338028 0.08695652173913049 0.3217197924388436 0.11548913043478269 0.3217197924388436
1 0.5067934782608695 0.13194959229058564 0.11277173913043483 0.13194959229058562 0.11277173913043483 0.14751667902149743 0.5067934782608695 0.14751667902149745
1 0.8817934782608695 0.13194959229058567 0.6807065217391305 0.13194959229058567 0.6807065217391305 0.14751667902149745 0.8817934782608695 0.14751667902149745
0 0.5108695652173914 0.12231282431430691 0.07472826086956523 0.1223128243143069 0.07472826086956527 0.396590066716086 0.5108695652173915 0.396590066716086
0 0.5122282608695654 0.38028169014084506 0.0747282608695653 0.38028169014084506 0.07472826086956531 0.5448480355819125 0.5122282608695654 0.5448480355819125
0 0.5135869565217392 0.5189028910303929 0.07472826086956533 0.5189028910303929 0.07472826086956535 0.6812453669384729 0.5135869565217392 0.6812453669384729
0 0.5122282608695654 0.6567828020756116 0.07472826086956537 0.6567828020756116 0.0747282608695654 0.832468495181616 0.5122282608695654 0.832468495181616
0 0.36684782608695665 0.8080059303187547 0.0747282608695654 0.8080059303187547 0.07472826086956541 0.9488510007412898 0.36684782608695665 0.9488510007412898
0 0.5285326086956523 0.809488510007413 0.33016304347826103 0.809488510007413 0.3301630434782611 0.9473684210526315 0.5285326086956523 0.9473684210526315
0 0.9239130434782609 0.12231282431430694 0.48641304347826086 0.12231282431430694 0.4864130434782609 0.5826538176426983 0.9239130434782609 0.5826538176426983
0 0.9211956521739131 0.5678280207561156 0.6222826086956523 0.5678280207561156 0.6222826086956523 0.6790214974054856 0.9211956521739131 0.6790214974054856
0 0.923913043478261 0.6627131208302446 0.6222826086956523 0.6627131208302446 0.6222826086956523 0.7679762787249814 0.9239130434782612 0.7679762787249814
0 0.9252717391304351 0.7479614529280949 0.6236413043478263 0.7479614529280949 0.6236413043478263 0.8784284655300222 0.9252717391304351 0.8784284655300222