1 0.7608695652173914 0.14142335766423364 0.7459239130434783 0.14142335766423364 0.7459239130434783 0.2189781021897811 0.7608695652173914 0.2189781021897811
1 0.7608695652173914 0.32755474452554756 0.7472826086956522 0.32755474452554756 0.7472826086956522 0.40145985401459866 0.7608695652173914 0.40145985401459866
1 0.7622282608695652 0.4781021897810219 0.7459239130434783 0.4781021897810219 0.7459239130434783 0.5885036496350365 0.7622282608695652 0.5885036496350365
1 0.7622282608695652 0.7098540145985401 0.7459239130434783 0.7098540145985401 0.7459239130434783 0.8166058394160584 0.7622282608695652 0.8166058394160584
1 0.4103260869565219 0.8604014598540146 0.24864130434782625 0.8604014598540146 0.24864130434782625 0.8695255474452555 0.4103260869565219 0.8695255474452555
1 0.16983695652173922 0.5118613138686131 0.15489130434782616 0.5118613138686131 0.1548913043478262 0.6222627737226277 0.16983695652173925 0.6222627737226277
1 0.16711956521739138 0.37135036496350365 0.15353260869565225 0.37135036496350365 0.15353260869565225 0.4443430656934307 0.16711956521739138 0.4443430656934307
1 0.16711956521739135 0.2846715328467153 0.1521739130434783 0.2846715328467153 0.15217391304347833 0.3585766423357664 0.16711956521739138 0.3585766423357664
1 0.17119565217391308 0.14233576642335766 0.15489130434782614 0.14233576642335766 0.15489130434782614 0.21715328467153286 0.17119565217391308 0.21715328467153286
0 0.7663043478260869 0.06934306569343071 0.4741847826086957 0.06934306569343071 0.4741847826086957 0.28740875912408764 0.7663043478260869 0.2874087591240877
0 0.7663043478260869 0.2691605839416059 0.47554347826086957 0.26916058394160586 0.4755434782608696 0.46350364963503654 0.7663043478260869 0.4635036496350366
0 0.7663043478260869 0.44890510948905116 0.47554347826086973 0.4489051094890511 0.47554347826086973 0.6706204379562044 0.7663043478260869 0.6706204379562044
0 0.7663043478260871 0.656021897810219 0.14809782608695662 0.656021897810219 0.14809782608695665 0.8759124087591241 0.7663043478260873 0.8759124087591241
0 0.49728260869565233 0.4443430656934307 0.1453804347826088 0.4443430656934307 0.1453804347826088 0.6587591240875912 0.49728260869565233 0.6587591240875912
0 0.4171195652173914 0.3594890510948905 0.14673913043478268 0.3594890510948905 0.14673913043478268 0.4562043795620438 0.41711956521739146 0.4562043795620438
0 0.41983695652173914 0.2728102189781022 0.14538043478260873 0.2728102189781022 0.14538043478260876 0.3740875912408759 0.41983695652173914 0.3740875912408759
0 0.5018994565217392 0.06755839416058398 0.1419633152173913 0.06755839416058397 0.14196331521739133 0.2942554744525548 0.5018994565217392 0.2942554744525548