1 0.8940217391304348 0.9254901960784314 0.782608695652174 0.9254901960784314 0.782608695652174 0.9437908496732026 0.8940217391304348 0.9437908496732026
1 0.7065217391304348 0.9267973856209151 0.5951086956521741 0.9267973856209151 0.5951086956521741 0.9424836601307189 0.7065217391304348 0.9424836601307189
1 0.9456521739130435 0.4745098039215688 0.9279891304347826 0.4745098039215688 0.9279891304347826 0.6287581699346406 0.9456521739130435 0.6287581699346406
1 0.8913043478260869 0.11372549019607853 0.78125 0.1137254901960785 0.78125 0.12941176470588245 0.8913043478260869 0.12941176470588248
1 0.7092391304347826 0.11241830065359484 0.5964673913043478 0.11241830065359484 0.5964673913043478 0.13202614379084976 0.7092391304347826 0.13202614379084976
1 0.07608695652173916 0.32287581699346407 0.05978260869565221 0.32287581699346407 0.05978260869565221 0.3790849673202614 0.07608695652173916 0.3790849673202614
1 0.07744565217391312 0.6065359477124183 0.05978260869565225 0.6065359477124183 0.05978260869565225 0.6627450980392157 0.07744565217391312 0.6627450980392157
1 0.14538043478260881 0.8522875816993464 0.11548913043478272 0.8522875816993464 0.11548913043478272 0.8666666666666667 0.14538043478260881 0.8666666666666667
1 0.27309782608695665 0.9281045751633987 0.21603260869565233 0.9281045751633987 0.21603260869565233 0.9437908496732026 0.27309782608695665 0.9437908496732026
1 0.49184782608695665 0.9254901960784314 0.33016304347826103 0.9254901960784314 0.33016304347826103 0.9437908496732026 0.49184782608695665 0.9437908496732026
0 0.9497282608695652 0.10718954248366022 0.7418478260869565 0.10718954248366021 0.7418478260869565 0.2980392156862746 0.9497282608695652 0.29803921568627467
0 0.9510869565217391 0.29673202614379096 0.7418478260869565 0.2967320261437909 0.7418478260869565 0.431372549019608 0.9510869565217391 0.431372549019608
0 0.7581521739130435 0.10588235294117654 0.5394021739130435 0.10588235294117654 0.5394021739130435 0.4313725490196079 0.7581521739130435 0.431372549019608
0 0.7255434782608695 0.4104575163398694 0.5407608695652174 0.41045751633986927 0.5407608695652175 0.6287581699346406 0.7255434782608695 0.6287581699346406
0 0.32744565217391314 0.6758169934640523 0.19836956521739138 0.6758169934640523 0.1983695652173914 0.9503267973856209 0.3274456521739132 0.9503267973856209
0 0.21467391304347833 0.6758169934640523 0.05706521739130443 0.6758169934640523 0.05706521739130444 0.8718954248366013 0.21467391304347833 0.8718954248366013
0 0.9497282608695652 0.4117647058823531 0.7119565217391305 0.4117647058823531 0.7119565217391305 0.6967320261437908 0.9497282608695652 0.6967320261437908
0 0.9504741847826087 0.6713176470588236 0.7071983695652174 0.6713176470588236 0.7071983695652174 0.9516379084967321 0.9504741847826087 0.9516379084967321
0 0.7722595108695652 0.6704104575163399 0.5374701086956523 0.6704104575163399 0.5374701086956523 0.9516379084967321 0.7722595108695652 0.9516379084967321
0 0.5627296195652174 0.3051516339869282 0.05218070652173917 0.30515163398692813 0.05218070652173921 0.9538444444444445 0.5627296195652175 0.9538444444444445