1 0.45016077170418006 0.3225806451612903 0.3102893890675242 0.3225806451612903 0.3102893890675242 0.3294930875576037 0.45016077170418006 0.3294930875576037
1 0.6511254019292605 0.22196620583717358 0.5096463022508039 0.22196620583717358 0.5096463022508039 0.23118279569892472 0.6511254019292605 0.23118279569892472
1 0.7572347266881031 0.3970814132104455 0.6752411575562702 0.3970814132104455 0.6752411575562702 0.4032258064516129 0.7572347266881031 0.4032258064516129
1 0.401929260450161 0.7227342549923195 0.2572347266881031 0.7227342549923195 0.2572347266881031 0.7296466973886329 0.401929260450161 0.7296466973886329
1 0.7347266881028941 0.6067588325652842 0.5900321543408362 0.6067588325652842 0.5900321543408362 0.6167434715821812 0.7347266881028941 0.6167434715821812
1 0.6704180064308681 0.3210445468509985 0.6591639871382636 0.3210445468509985 0.6591639871382636 0.34178187403993854 0.6704180064308681 0.34178187403993854
0 0.43247588424437317 0.5368663594470046 0.22508038585209023 0.5368663594470046 0.22508038585209023 0.7296466973886329 0.43247588424437317 0.7296466973886329
0 0.5562700964630227 0.5368663594470046 0.41639871382636673 0.5368663594470046 0.41639871382636673 0.6144393241167435 0.5562700964630227 0.6144393241167435
0 0.47749196141479117 0.46159754224270355 0.2234726688102895 0.46159754224270355 0.22347266881028952 0.5422427035330261 0.47749196141479117 0.5422427035330261
0 0.4774919614147911 0.3241167434715822 0.22508038585209011 0.3241167434715822 0.22508038585209011 0.46236559139784944 0.47749196141479117 0.46236559139784944
0 0.6688102893890676 0.31336405529953915 0.5466237942122186 0.31336405529953915 0.5466237942122187 0.4009216589861751 0.6688102893890677 0.4009216589861751
0 0.7700964630225082 0.3970814132104455 0.5466237942122188 0.3970814132104455 0.5466237942122188 0.5053763440860215 0.7700964630225082 0.5053763440860215
0 0.7731366559485531 0.6149278033794163 0.772473865555642 0.4998469174510586 0.4653980998741967 0.5002505417953597 0.46606089026710784 0.6153314277237174
0 0.6946141479099679 0.2237258064516129 0.46674276527331193 0.2237258064516129 0.46674276527331204 0.36236635944700457 0.694614147909968 0.36236635944700457