1 0.5489130434782609 0.1228070175438597 0.44565217391304346 0.1228070175438597 0.44565217391304346 0.1333333333333334 0.5489130434782609 0.1333333333333334
1 0.13586956521739135 0.1570175438596491 0.1209239130434783 0.1570175438596491 0.1209239130434783 0.2219298245614035 0.13586956521739135 0.2219298245614035
1 0.13586956521739138 0.31666666666666665 0.12092391304347834 0.31666666666666665 0.12092391304347834 0.36666666666666664 0.13586956521739138 0.36666666666666664
1 0.1372282608695653 0.4052631578947368 0.12092391304347834 0.4052631578947368 0.12092391304347834 0.47192982456140353 0.1372282608695653 0.47192982456140353
1 0.13722826086956533 0.5394736842105263 0.11820652173913056 0.5394736842105263 0.11820652173913056 0.6289473684210526 0.13722826086956533 0.6289473684210526
1 0.13722826086956533 0.6780701754385965 0.12092391304347838 0.6780701754385965 0.12092391304347838 0.7026315789473684 0.13722826086956533 0.7026315789473684
1 0.3315217391304349 0.9236842105263158 0.1915760869565219 0.9236842105263158 0.1915760869565219 0.9350877192982456 0.3315217391304349 0.9350877192982456
1 0.8790760869565217 0.493859649122807 0.8641304347826086 0.493859649122807 0.8641304347826086 0.5184210526315789 0.8790760869565217 0.5184210526315789
1 0.8777173913043478 0.34035087719298257 0.8627717391304348 0.34035087719298257 0.8627717391304348 0.36491228070175447 0.8777173913043478 0.36491228070175447
0 0.39945652173913043 0.11842105263157897 0.110054347826087 0.11842105263157894 0.110054347826087 0.2631578947368421 0.39945652173913043 0.2631578947368421
0 0.3260869565217392 0.25526315789473686 0.1195652173913044 0.25526315789473686 0.11956521739130441 0.3780701754385965 0.3260869565217392 0.3780701754385965
0 0.6114130434782609 0.11578947368421058 0.3763586956521739 0.11578947368421058 0.3763586956521739 0.30087719298245613 0.6114130434782609 0.30087719298245613
0 0.3980978260869566 0.3684210526315789 0.11141304347826095 0.3684210526315789 0.11141304347826095 0.506140350877193 0.39809782608695665 0.506140350877193
0 0.4048913043478262 0.4956140350877193 0.11141304347826095 0.4956140350877193 0.11141304347826096 0.6631578947368421 0.4048913043478262 0.6631578947368421
0 0.27853260869565233 0.6535087719298246 0.11548913043478272 0.6535087719298246 0.11548913043478275 0.7587719298245614 0.27853260869565233 0.7587719298245614
0 0.39809782608695665 0.6526315789473685 0.2540760869565219 0.6526315789473685 0.2540760869565219 0.7605263157894737 0.39809782608695665 0.7605263157894737
0 0.4048913043478262 0.75 0.11277173913043494 0.75 0.11277173913043495 0.9403508771929825 0.4048913043478262 0.9403508771929825
0 0.7350543478260869 0.5385964912280702 0.3899456521739132 0.5385964912280702 0.3899456521739132 0.6570175438596492 0.7350543478260869 0.6570175438596492
0 0.8845108695652174 0.3008771929824562 0.38179347826086957 0.30087719298245613 0.3817934782608696 0.5473684210526316 0.8845108695652174 0.5473684210526316
0 0.8845108695652174 0.5359649122807018 0.720108695652174 0.5359649122807018 0.720108695652174 0.6587719298245615 0.8845108695652174 0.6587719298245615