1 0.7269021739130435 0.027173913043478323 0.5502717391304348 0.027173913043478316 0.5502717391304348 0.04456521739130441 0.7269021739130435 0.044565217391304424
1 0.4633152173913043 0.029347826086956557 0.2554347826086957 0.029347826086956547 0.2554347826086957 0.04347826086956526 0.4633152173913043 0.043478260869565265
1 0.19429347826086965 0.3695652173913043 0.17527173913043487 0.3695652173913043 0.17527173913043487 0.41956521739130437 0.19429347826086965 0.41956521739130437
1 0.37635869565217406 0.7869565217391304 0.20108695652173927 0.7869565217391304 0.20108695652173927 0.8043478260869565 0.37635869565217406 0.8043478260869565
1 0.7975543478260869 0.9586956521739131 0.6222826086956523 0.9586956521739131 0.6222826086956523 0.975 0.7975543478260869 0.975
1 0.8967391304347826 0.6445652173913043 0.8804347826086957 0.6445652173913043 0.8804347826086957 0.7065217391304348 0.8967391304347826 0.7065217391304348
1 0.8980978260869565 0.4565217391304349 0.876358695652174 0.4565217391304349 0.876358695652174 0.5978260869565217 0.8980978260869565 0.5978260869565217
1 0.8980978260869565 0.27934782608695663 0.8804347826086957 0.27934782608695663 0.8804347826086957 0.3565217391304349 0.8980978260869565 0.3565217391304349
0 0.9008152173913043 0.0260869565217392 0.5163043478260869 0.026086956521739185 0.5163043478260869 0.26739130434782615 0.9008152173913043 0.26739130434782615
0 0.9021739130434783 0.24891304347826093 0.6358695652173914 0.24891304347826093 0.6358695652173914 0.38913043478260884 0.9021739130434783 0.38913043478260884
0 0.9035326086956522 0.3652173913043479 0.5176630434782609 0.3652173913043478 0.517663043478261 0.6097826086956522 0.9035326086956522 0.6097826086956522
0 0.9089673913043478 0.591304347826087 0.642663043478261 0.591304347826087 0.642663043478261 0.7336956521739131 0.9089673913043478 0.7336956521739131
0 0.5421195652173915 0.5271739130434783 0.16168478260869573 0.5271739130434783 0.16168478260869576 0.8097826086956522 0.5421195652173915 0.8097826086956522
0 0.5407608695652175 0.3467391304347826 0.16032608695652178 0.3467391304347826 0.16032608695652178 0.5260869565217391 0.5407608695652175 0.5260869565217391
0 0.5448369565217391 0.019565217391304384 0.16304347826086957 0.019565217391304363 0.1630434782608696 0.3684782608695652 0.5448369565217391 0.3684782608695652
0 0.9091032608695653 0.5881054347826087 0.5134252717391306 0.5881054347826087 0.5134252717391306 0.9784782608695652 0.9091032608695653 0.9784782608695652