1 0.7350543478260869 0.03913043478260877 0.6032608695652174 0.039130434782608754 0.6032608695652174 0.05217391304347833 0.7350543478260869 0.05217391304347834
1 0.49728260869565216 0.03913043478260874 0.452445652173913 0.03913043478260874 0.452445652173913 0.05217391304347831 0.49728260869565216 0.05217391304347831
1 0.3546195652173913 0.03913043478260872 0.22282608695652173 0.03913043478260871 0.22282608695652173 0.05326086956521742 0.3546195652173913 0.053260869565217424
1 0.17391304347826095 0.29456521739130437 0.15625000000000003 0.29456521739130437 0.15625000000000003 0.3641304347826087 0.17391304347826095 0.3641304347826087
1 0.17391304347826095 0.47391304347826085 0.157608695652174 0.47391304347826085 0.157608695652174 0.5076086956521739 0.17391304347826095 0.5076086956521739
1 0.17391304347826095 0.6 0.157608695652174 0.6 0.157608695652174 0.7054347826086956 0.17391304347826095 0.7054347826086956
1 0.3627717391304349 0.9021739130434783 0.2744565217391306 0.9021739130434783 0.2744565217391306 0.9163043478260869 0.3627717391304349 0.9163043478260869
1 0.7866847826086957 0.6043478260869565 0.6983695652173914 0.6043478260869565 0.6983695652173914 0.6173913043478261 0.7866847826086957 0.6173913043478261
1 0.8152173913043478 0.5434782608695653 0.7975543478260869 0.5434782608695653 0.7975543478260869 0.5956521739130435 0.8152173913043478 0.5956521739130435
1 0.813858695652174 0.3673913043478262 0.7989130434782609 0.3673913043478262 0.7989130434782609 0.4217391304347827 0.813858695652174 0.4217391304347827
1 0.813858695652174 0.2771739130434783 0.7975543478260869 0.2771739130434783 0.7975543478260869 0.3130434782608697 0.813858695652174 0.3130434782608697
0 0.42934782608695654 0.03260869565217394 0.1480978260869565 0.032608695652173926 0.14809782608695654 0.2630434782608696 0.42934782608695654 0.2630434782608696
0 0.43070652173913043 0.24239130434782613 0.14809782608695657 0.24239130434782608 0.14809782608695657 0.45217391304347826 0.43070652173913043 0.45217391304347826
0 0.3097826086956523 0.43043478260869567 0.15217391304347833 0.43043478260869567 0.15217391304347833 0.5478260869565217 0.3097826086956523 0.5478260869565217
0 0.2663043478260871 0.7717391304347826 0.15081521739130446 0.7717391304347826 0.1508152173913045 0.9173913043478261 0.2663043478260871 0.9173913043478261
0 0.8220108695652174 0.4304347826086957 0.5190217391304348 0.43043478260869567 0.5190217391304348 0.6228260869565218 0.8220108695652174 0.6228260869565218
0 0.8233695652173914 0.32934782608695656 0.5203804347826086 0.3293478260869565 0.5203804347826086 0.43152173913043484 0.8233695652173914 0.4315217391304349
0 0.5475543478260869 0.03260869565217396 0.4116847826086957 0.032608695652173954 0.4116847826086957 0.1869565217391305 0.5475543478260869 0.1869565217391305
0 0.8233695652173914 0.22826086956521746 0.6114130434782609 0.22826086956521746 0.6114130434782609 0.34673913043478266 0.8233695652173914 0.3467391304347827
0 0.8250489130434783 0.03160108695652181 0.5194755434782609 0.03160108695652179 0.5194755434782609 0.2671163043478262 0.8250489130434783 0.2671163043478262
0 0.5461956521739132 0.5315217391304348 0.15081521739130443 0.5315217391304348 0.15081521739130443 0.7923913043478261 0.5461956521739132 0.7923913043478261
0 0.4307065217391305 0.42934782608695654 0.2839673913043479 0.42934782608695654 0.2839673913043479 0.5478260869565217 0.4307065217391306 0.5478260869565217