1 0.873641304347826 0.24818840579710155 0.8478260869565217 0.24818840579710155 0.8478260869565217 0.3134057971014494 0.873641304347826 0.3134057971014494
1 0.8722826086956522 0.47192028985507245 0.845108695652174 0.47192028985507245 0.845108695652174 0.5380434782608695 0.8722826086956522 0.5380434782608695
1 0.15760869565217406 0.7753623188405797 0.12771739130434798 0.7753623188405797 0.12771739130434798 0.8414855072463768 0.15760869565217406 0.8414855072463768
1 0.15081521739130446 0.6458333333333334 0.12771739130434795 0.6458333333333334 0.12771739130434795 0.6856884057971014 0.15081521739130446 0.6856884057971014
1 0.15217391304347838 0.5706521739130435 0.12771739130434795 0.5706521739130435 0.12771739130434795 0.6114130434782609 0.15217391304347838 0.6114130434782609
1 0.15217391304347833 0.4320652173913043 0.1290760869565218 0.4320652173913043 0.1290760869565218 0.49818840579710144 0.15217391304347833 0.49818840579710144
1 0.15760869565217397 0.2717391304347826 0.12771739130434787 0.2717391304347826 0.1277173913043479 0.3351449275362319 0.157608695652174 0.3351449275362319
0 0.36277173913043476 0.033514492753623205 0.11956521739130435 0.0335144927536232 0.11956521739130437 0.2346014492753623 0.36277173913043476 0.2346014492753623
0 0.5163043478260869 0.21195652173913046 0.11548913043478265 0.21195652173913043 0.11548913043478266 0.3903985507246377 0.5163043478260869 0.3903985507246377
0 0.41168478260869573 0.3759057971014493 0.11548913043478269 0.3759057971014493 0.1154891304347827 0.5597826086956522 0.4116847826086958 0.5597826086956522
0 0.41711956521739146 0.5407608695652174 0.11413043478260881 0.5407608695652174 0.11413043478260881 0.6367753623188406 0.41711956521739146 0.6367753623188406
0 0.408967391304348 0.6204710144927537 0.11413043478260881 0.6204710144927537 0.11413043478260881 0.7155797101449275 0.408967391304348 0.7155797101449275
0 0.8831521739130435 0.37137681159420294 0.49592391304347827 0.3713768115942029 0.4959239130434783 0.6358695652173914 0.8831521739130435 0.6358695652173914
0 0.8836290760919924 0.032382244633025345 0.3472513586956522 0.03169384057971017 0.34621874999496444 0.3892798930481342 0.8825964673913047 0.38996829710144937
0 0.5167477830152627 0.9268812944830087 0.5146679801972137 0.6190112237702463 0.11883731674716858 0.6201996756640491 0.1209171195652174 0.9280697463768115