1 0.8301630434782609 0.026897214217099015 0.8097826086956522 0.02689721421709901 0.8097826086956522 0.12872238232468786 0.8301630434782609 0.12872238232468786
1 0.7269021739130435 0.013448607108549528 0.5828804347826086 0.013448607108549523 0.5828804347826086 0.026897214217098998 0.7269021739130435 0.026897214217099005
1 0.8274456521739131 0.22862632084534107 0.8097826086956522 0.22862632084534107 0.8097826086956522 0.2862632084534103 0.8274456521739131 0.2862632084534103
1 0.8288043478260869 0.2920268972142172 0.8125 0.2920268972142172 0.8125 0.39385206532180606 0.8288043478260869 0.39385206532180606
1 0.8288043478260869 0.5283381364073007 0.8097826086956522 0.5283381364073007 0.8097826086956522 0.5830931796349664 0.8288043478260869 0.5830931796349664
1 0.7445652173913047 0.9241114313160422 0.6005434782608697 0.9241114313160422 0.6005434782608697 0.9375600384245918 0.7445652173913047 0.9375600384245918
1 0.5353260869565218 0.8539865513928915 0.5149456521739132 0.8539865513928915 0.5149456521739132 0.8962536023054755 0.5353260869565218 0.8962536023054755
1 0.39266304347826103 0.6926032660902978 0.2459239130434784 0.6926032660902978 0.2459239130434784 0.7031700288184438 0.39266304347826103 0.7031700288184438
1 0.251358695652174 0.41786743515850144 0.23233695652173922 0.41786743515850144 0.23233695652173922 0.4543707973102786 0.251358695652174 0.4543707973102786
0 0.5380434782608695 0.0067243035542747685 0.22554347826086957 0.006724303554274755 0.2255434782608696 0.2353506243996158 0.5380434782608695 0.23535062439961582
0 0.8410326086956522 0.19404418828049957 0.6127717391304348 0.19404418828049957 0.6127717391304348 0.2987512007684919 0.8410326086956522 0.29875120076849193
0 0.84375 0.2776176753121999 0.5149456521739131 0.27761767531219983 0.5149456521739131 0.5033621517771374 0.84375 0.5033621517771374
0 0.5380434782608696 0.4053794428434198 0.22690217391304354 0.4053794428434198 0.2269021739130436 0.7041306436119116 0.5380434782608697 0.7041306436119116
0 0.5380434782608695 0.20749279538904902 0.22554347826086957 0.207492795389049 0.2255434782608696 0.4034582132564842 0.5380434782608695 0.4034582132564842
0 0.8428125 0.006857829010566822 0.5054714673913043 0.006857829010566807 0.5054714673913043 0.23774159462055722 0.8428125 0.23774159462055722
0 0.8438065675282285 0.4884426056131346 0.5108600543478261 0.48691354466858794 0.50955532605346 0.6289251790534354 0.8425018392338623 0.630454239997982
0 0.843889945652174 0.5737809798270894 0.5076277173913045 0.5737809798270894 0.5076277173913045 0.9471575408261287 0.8438899456521741 0.9471575408261287