1 0.7426160337552743 0.6388059701492538 0.6181434599156118 0.6388059701492538 0.6181434599156118 0.6537313432835821 0.7426160337552743 0.6537313432835821
1 0.8037974683544303 0.3014925373134329 0.7848101265822784 0.3014925373134329 0.7848101265822784 0.3895522388059702 0.8037974683544303 0.3895522388059702
1 0.7426160337552743 0.1388059701492538 0.6181434599156118 0.13880597014925378 0.6181434599156118 0.15074626865671648 0.7426160337552743 0.1507462686567165
1 0.19831223628691988 0.18507462686567164 0.179324894514768 0.18507462686567164 0.179324894514768 0.2746268656716418 0.19831223628691988 0.2746268656716418
1 0.19831223628691988 0.3328358208955224 0.179324894514768 0.3328358208955224 0.179324894514768 0.3716417910447761 0.19831223628691988 0.3716417910447761
1 0.20042194092827012 0.43582089552238806 0.1814345991561182 0.43582089552238806 0.18143459915611823 0.5238805970149254 0.20042194092827018 0.5238805970149254
1 0.19831223628691996 0.5880597014925373 0.18354430379746847 0.5880597014925373 0.18354430379746847 0.6253731343283582 0.19831223628691996 0.6253731343283582
1 0.4029535864978904 0.8388059701492537 0.2805907172995782 0.8388059701492537 0.2805907172995782 0.8537313432835821 0.4029535864978904 0.8537313432835821
0 0.5063291139240507 0.13134328358208958 0.16877637130801687 0.13134328358208955 0.1687763713080169 0.32388059701492544 0.5063291139240507 0.32388059701492544
0 0.419831223628692 0.3044776119402985 0.17088607594936714 0.3044776119402985 0.17088607594936714 0.39850746268656717 0.41983122362869213 0.39850746268656717
0 0.4219409282700423 0.3835820895522388 0.1666666666666667 0.3835820895522388 0.16666666666666677 0.5746268656716418 0.4219409282700423 0.5746268656716418
0 0.4219409282700423 0.5567164179104478 0.168776371308017 0.5567164179104478 0.168776371308017 0.6567164179104478 0.4219409282700423 0.6567164179104478
0 0.5147679324894516 0.6388059701492538 0.168776371308017 0.6388059701492538 0.168776371308017 0.8597014925373134 0.5147679324894516 0.8597014925373134
0 0.8122362869198312 0.4417910447761194 0.4831223628691984 0.4417910447761194 0.4831223628691984 0.655223880597015 0.8122362869198312 0.655223880597015
0 0.8122362869198312 0.1313432835820896 0.4767932489451477 0.1313432835820896 0.47679324894514774 0.4626865671641791 0.8122362869198312 0.4626865671641791