1 0.9701086956521742 0.6816860465116279 0.9402173913043481 0.6816860465116279 0.9402173913043481 0.782703488372093 0.9701086956521742 0.782703488372093
1 0.967391304347826 0.5603197674418605 0.938858695652174 0.5603197674418605 0.938858695652174 0.6584302325581395 0.967391304347826 0.6584302325581395
1 0.9660326086956522 0.33502906976744196 0.936141304347826 0.33502906976744196 0.936141304347826 0.4331395348837209 0.9660326086956522 0.4331395348837209
1 0.967391304347826 0.22819767441860472 0.9347826086956522 0.22819767441860472 0.9347826086956522 0.2790697674418606 0.967391304347826 0.2790697674418606
1 0.9660326086956522 0.07267441860465122 0.9347826086956522 0.07267441860465122 0.9347826086956522 0.17805232558139542 0.9660326086956522 0.17805232558139544
1 0.05570652173913047 0.07340116279069768 0.019021739130434798 0.07340116279069768 0.019021739130434808 0.17587209302325582 0.055706521739130474 0.17587209302325582
1 0.05027173913043485 0.25726744186046513 0.020380434782608755 0.25726744186046513 0.020380434782608765 0.35828488372093026 0.05027173913043486 0.35828488372093026
1 0.05298913043478271 0.43968023255813954 0.023097826086956617 0.43968023255813954 0.02309782608695663 0.5385174418604651 0.052989130434782726 0.5385174418604651
1 0.05163043478260884 0.561046511627907 0.019021739130434912 0.561046511627907 0.019021739130434923 0.6613372093023255 0.05163043478260885 0.6613372093023255
1 0.05163043478260886 0.6824127906976745 0.02038043478260885 0.6824127906976745 0.020380434782608862 0.7819767441860465 0.05163043478260887 0.7819767441860465
1 0.30434782608695665 0.8008720930232558 0.11684782608695672 0.8008720930232558 0.11684782608695672 0.8175872093023255 0.30434782608695665 0.8175872093023255
1 0.8763586956521742 0.7994186046511628 0.6834239130434784 0.7994186046511628 0.6834239130434784 0.815406976744186 0.8763586956521742 0.815406976744186
0 0.9728260869565217 0.014534883720930281 0.5679347826086957 0.014534883720930269 0.5679347826086957 0.23255813953488377 0.9728260869565217 0.2325581395348838
0 0.9782608695652174 0.2100290697674419 0.5652173913043478 0.21002906976744187 0.5652173913043479 0.3415697674418605 0.9782608695652174 0.3415697674418606
0 0.9755434782608695 0.31758720930232565 0.5665760869565217 0.3175872093023256 0.5665760869565218 0.5377906976744186 0.9755434782608695 0.5377906976744186
0 0.595108695652174 0.014534883720930265 0.40353260869565216 0.014534883720930258 0.40353260869565216 0.1729651162790698 0.595108695652174 0.1729651162790698
0 0.4279891304347827 0.24781976744186046 0.21467391304347833 0.24781976744186046 0.21467391304347833 0.41497093023255816 0.42798913043478276 0.41497093023255816
0 0.43624456521739136 0.013429505813953503 0.004707880434782612 0.013429505813953488 0.004707880434782641 0.2677536337209302 0.43624456521739136 0.2677536337209302
0 0.24322961956521744 0.4196765988372093 0.23950510252629578 0.20951072275235924 0.007281403386854768 0.21068814723640802 0.011005920425776404 0.4208540233212581
0 0.9854965088420989 0.822238999299264 0.981169265821503 0.3975341027537829 0.005088517848969249 0.4003794057801003 0.009415760869565217 0.8250843023255814