1 0.6277173913043478 0.09193245778611638 0.5095108695652174 0.09193245778611638 0.5095108695652174 0.10225140712945596 0.6277173913043478 0.10225140712945596
1 0.75 0.29174484052532845 0.7391304347826086 0.29174484052532845 0.7391304347826086 0.3696060037523453 0.75 0.3696060037523453
1 0.751358695652174 0.38086303939962485 0.7364130434782609 0.38086303939962485 0.7364130434782609 0.45872420262664176 0.751358695652174 0.45872420262664176
1 0.75 0.5028142589118199 0.7364130434782609 0.5028142589118199 0.7364130434782609 0.6200750469043153 0.75 0.6200750469043153
1 0.6834239130434784 0.8667917448405253 0.5122282608695654 0.8667917448405253 0.5122282608695654 0.8780487804878049 0.6834239130434784 0.8780487804878049
1 0.39538043478260887 0.8667917448405253 0.2255434782608697 0.8667917448405253 0.2255434782608697 0.8761726078799249 0.39538043478260887 0.8761726078799249
1 0.17798913043478273 0.5975609756097561 0.15896739130434795 0.5975609756097561 0.15896739130434795 0.7138836772983115 0.17798913043478276 0.7138836772983115
1 0.1766304347826088 0.41088180112570355 0.1603260869565218 0.41088180112570355 0.1603260869565218 0.4915572232645403 0.1766304347826088 0.4915572232645403
1 0.1752717391304348 0.17917448405253283 0.15896739130434787 0.17917448405253283 0.15896739130434787 0.2607879924953096 0.17527173913043487 0.2607879924953096
0 0.7608695652173914 0.08536585365853662 0.3858695652173913 0.0853658536585366 0.3858695652173913 0.2898686679174485 0.7608695652173914 0.28986866791744853
0 0.7622282608695652 0.26547842401500943 0.4782608695652174 0.2654784240150094 0.4782608695652174 0.3855534709193246 0.7622282608695652 0.3855534709193247
0 0.7676630434782609 0.3639774859287055 0.4782608695652174 0.36397748592870544 0.47826086956521746 0.475609756097561 0.7676630434782609 0.47560975609756106
0 0.7676630434782609 0.45309568480300194 0.4728260869565219 0.4530956848030019 0.4728260869565219 0.6894934333958724 0.7676630434782609 0.6894934333958724
0 0.4198369565217392 0.3424015009380863 0.15217391304347833 0.3424015009380863 0.15217391304347835 0.5478424015009381 0.4198369565217393 0.5478424015009381
0 0.41847826086956524 0.08724202626641653 0.15217391304347827 0.08724202626641651 0.1521739130434783 0.3592870544090056 0.41847826086956524 0.3592870544090056
0 0.7690217391304349 0.6763602251407129 0.14538043478260881 0.6763602251407129 0.14538043478260884 0.8921200750469043 0.7690217391304351 0.8921200750469043
0 0.5000000000000001 0.5281425891181989 0.14945652173913052 0.5281425891181989 0.14945652173913054 0.6763602251407129 0.5000000000000001 0.6763602251407129