1 0.15081521739130443 0.5053475935828877 0.12228260869565225 0.5053475935828877 0.12228260869565225 0.5882352941176471 0.15081521739130443 0.5882352941176471
1 0.09782608695652177 0.303475935828877 0.07201086956521743 0.303475935828877 0.07201086956521743 0.34759358288770054 0.09782608695652177 0.34759358288770054
1 0.15896739130434784 0.08823529411764708 0.10733695652173914 0.08823529411764706 0.10733695652173914 0.1109625668449198 0.15896739130434784 0.11096256684491983
1 0.358695652173913 0.08823529411764709 0.26902173913043476 0.08823529411764709 0.26902173913043476 0.11229946524064174 0.358695652173913 0.11229946524064174
1 0.5176630434782609 0.08689839572192519 0.4266304347826087 0.08689839572192518 0.4266304347826087 0.11497326203208562 0.5176630434782609 0.11497326203208563
0 0.7404891304347826 0.08155080213903752 0.6046195652173914 0.08155080213903751 0.6046195652173914 0.21524064171123003 0.7404891304347826 0.21524064171123003
0 0.626358695652174 0.07620320855614979 0.35597826086956524 0.07620320855614977 0.35597826086956524 0.39438502673796794 0.626358695652174 0.39438502673796794
0 0.20380434782608695 0.07486631016042782 0.06657608695652174 0.0748663101604278 0.06657608695652176 0.28609625668449196 0.20380434782608695 0.28609625668449196
0 0.203804347826087 0.2700534759358289 0.06385869565217395 0.2700534759358289 0.06385869565217396 0.3890374331550802 0.20380434782608703 0.3890374331550802
0 0.31521739130434795 0.7058823529411765 0.06657608695652184 0.7058823529411765 0.06657608695652184 0.946524064171123 0.315217391304348 0.946524064171123
0 0.4211956521739132 0.75 0.29076086956521746 0.75 0.2907608695652175 0.9505347593582888 0.4211956521739132 0.9505347593582888
0 0.7214673913043478 0.6898395721925134 0.4008152173913045 0.6898395721925134 0.4008152173913045 0.9518716577540107 0.7214673913043478 0.9518716577540107
0 0.3817934782608696 0.3877005347593583 0.11277173913043483 0.3877005347593583 0.11277173913043484 0.7219251336898396 0.38179347826086973 0.7219251336898396
0 0.35597826086956524 0.07754010695187169 0.18070652173913043 0.07754010695187168 0.18070652173913046 0.39037433155080214 0.35597826086956524 0.39037433155080214
0 0.8627092391304347 0.39508556149732627 0.8619728260869566 0.07929545454545456 0.6030601802285858 0.07988001394421199 0.6037965932720639 0.39567012089608367