1 0.8464673913043478 0.7971602434077079 0.8301630434782609 0.7971602434077079 0.8301630434782609 0.9259634888438134 0.8464673913043478 0.9259634888438134
1 0.3790760869565219 0.9401622718052738 0.20516304347826103 0.9401622718052738 0.20516304347826103 0.949290060851927 0.3790760869565219 0.949290060851927
1 0.9279891304347826 0.438133874239351 0.9144021739130435 0.438133874239351 0.9144021739130435 0.5446247464503042 0.9279891304347826 0.5446247464503042
1 0.9279891304347826 0.26572008113590273 0.9130434782608695 0.26572008113590273 0.9130434782608695 0.30223123732251533 0.9279891304347826 0.30223123732251533
1 0.8152173913043478 0.06490872210953354 0.7649456521739131 0.06490872210953352 0.7649456521739131 0.07505070993914814 0.8152173913043478 0.07505070993914816
1 0.2391304347826087 0.09026369168357001 0.22554347826086957 0.09026369168357001 0.22554347826086957 0.21602434077079108 0.2391304347826087 0.21602434077079108
1 0.2391304347826088 0.45740365111561865 0.2228260869565218 0.45740365111561865 0.2228260869565218 0.5649087221095335 0.2391304347826088 0.5649087221095335
1 0.1562500000000001 0.6247464503042597 0.1440217391304349 0.6247464503042597 0.1440217391304349 0.7535496957403651 0.1562500000000001 0.7535496957403651
0 0.9375 0.05983772819472625 0.7418478260869565 0.05983772819472624 0.7418478260869565 0.2505070993914808 0.9375 0.2505070993914808
0 0.936141304347826 0.23326572008113597 0.657608695652174 0.23326572008113597 0.657608695652174 0.3853955375253551 0.936141304347826 0.3853955375253551
0 0.9375 0.3640973630831644 0.65625 0.3640973630831644 0.6562500000000001 0.6044624746450304 0.9375 0.6044624746450304
0 0.5842391304347827 0.345841784989858 0.21467391304347833 0.345841784989858 0.21467391304347833 0.6044624746450304 0.5842391304347828 0.6044624746450304
0 0.8519021739130437 0.5912778904665315 0.13451086956521752 0.5912778904665315 0.13451086956521752 0.9523326572008114 0.8519021739130438 0.9523326572008114
0 0.7647432065217391 0.06013387423935099 0.21981385869565215 0.06013387423935096 0.2198138586956522 0.3599442190669371 0.7647432065217391 0.35994421906693713