1 0.7296195652173914 0.9115958668197475 0.6766304347826089 0.9115958668197475 0.6766304347826089 0.9219288174512055 0.7296195652173914 0.9219288174512055
1 0.876358695652174 0.9104477611940298 0.8274456521739131 0.9104477611940298 0.8274456521739131 0.9230769230769231 0.876358695652174 0.9230769230769231
1 0.936141304347826 0.5752009184845007 0.9198369565217391 0.5752009184845007 0.9198369565217391 0.6509758897818599 0.936141304347826 0.6509758897818599
1 0.9402173913043478 0.4879448909299657 0.9184782608695652 0.4879448909299657 0.9184782608695652 0.5671641791044777 0.9402173913043478 0.5671641791044777
1 0.936141304347826 0.31687715269804834 0.9198369565217391 0.31687715269804834 0.9198369565217391 0.39839265212399555 0.936141304347826 0.39839265212399555
1 0.9402173913043478 0.23076923076923084 0.9184782608695652 0.23076923076923084 0.9184782608695652 0.3111366245694605 0.9402173913043478 0.3111366245694605
1 0.8845108695652174 0.05625717566016082 0.7921195652173914 0.056257175660160814 0.7921195652173914 0.06659012629161892 0.8845108695652174 0.06659012629161892
1 0.5679347826086957 0.05396096440872566 0.4741847826086957 0.05396096440872565 0.4741847826086957 0.06659012629161888 0.5679347826086957 0.0665901262916189
1 0.389945652173913 0.0551090700344432 0.297554347826087 0.0551090700344432 0.297554347826087 0.06773823191733643 0.389945652173913 0.06773823191733643
1 0.21467391304347827 0.05510907003444319 0.12092391304347826 0.05510907003444319 0.12092391304347826 0.06888633754305398 0.21467391304347827 0.06888633754305398
0 0.9415760869565217 0.8140068886337543 0.7663043478260869 0.8140068886337543 0.7663043478260869 0.9276693455797933 0.9415760869565217 0.9276693455797933
0 0.7880434782608695 0.8128587830080367 0.6141304347826089 0.8128587830080367 0.6141304347826089 0.9276693455797933 0.7880434782608695 0.9276693455797933
0 0.9415760869565217 0.6888633754305397 0.6141304347826089 0.6888633754305397 0.6141304347826089 0.8277841561423651 0.9415760869565217 0.8277841561423651
0 0.9442934782608695 0.5625717566016075 0.6997282608695652 0.5625717566016075 0.6997282608695652 0.7026406429391504 0.9442934782608695 0.7026406429391504
0 0.9429347826086957 0.43857634902411036 0.6997282608695652 0.43857634902411036 0.6997282608695652 0.5820895522388061 0.9429347826086957 0.5820895522388061
0 0.9429347826086957 0.3065442020665903 0.7432065217391305 0.3065442020665903 0.7432065217391305 0.4535017221584387 0.9429347826086957 0.4535017221584387
0 0.9415760869565217 0.21928817451205518 0.7418478260869565 0.21928817451205518 0.7418478260869565 0.3214695752009186 0.9415760869565217 0.3214695752009186
0 0.9429347826086957 0.04477611940298516 0.7418478260869565 0.044776119402985155 0.7418478260869565 0.23765786452353624 0.9429347826086957 0.23765786452353624
0 0.6345108695652174 0.04707233065442024 0.06793478260869565 0.04707233065442021 0.06793478260869568 0.3329506314580942 0.6345108695652174 0.3329506314580943