1 0.876358695652174 0.15307971014492758 0.8274456521739131 0.15307971014492758 0.8274456521739131 0.23278985507246386 0.876358695652174 0.23278985507246386
1 0.876358695652174 0.31793478260869573 0.8410326086956522 0.31793478260869573 0.8410326086956522 0.3659420289855074 0.876358695652174 0.3659420289855074
1 0.873641304347826 0.4121376811594204 0.8396739130434783 0.4121376811594204 0.8396739130434783 0.46105072463768126 0.873641304347826 0.46105072463768126
1 0.873641304347826 0.5733695652173914 0.8355978260869565 0.5733695652173914 0.8355978260869565 0.6530797101449275 0.873641304347826 0.6530797101449275
1 0.1589673913043479 0.365036231884058 0.12364130434782616 0.365036231884058 0.12364130434782616 0.44565217391304346 0.1589673913043479 0.44565217391304346
1 0.15760869565217395 0.15489130434782608 0.12364130434782612 0.15489130434782608 0.12364130434782612 0.23278985507246377 0.15760869565217395 0.23278985507246377
0 0.5108695652173914 0.0742753623188406 0.11277173913043478 0.07427536231884058 0.1127717391304348 0.29981884057971014 0.5108695652173914 0.29981884057971014
0 0.8872282608695652 0.07246376811594209 0.4796195652173913 0.07246376811594209 0.4796195652173913 0.2998188405797102 0.8872282608695652 0.29981884057971026
0 0.8899456521739131 0.27989130434782616 0.6005434782608695 0.2798913043478261 0.6005434782608695 0.40126811594202905 0.8899456521739131 0.4012681159420291
0 0.8913043478260869 0.3768115942028986 0.6019021739130435 0.37681159420289856 0.6019021739130436 0.5 0.8913043478260869 0.5
0 0.8940217391304348 0.4782608695652174 0.48641304347826103 0.4782608695652174 0.48641304347826103 0.75 0.8940217391304348 0.75
0 0.5135869565217392 0.47282608695652173 0.11005434782608703 0.47282608695652173 0.11005434782608707 0.8768115942028986 0.5135869565217392 0.8768115942028986
0 0.516304347826087 0.2798913043478261 0.1114130434782609 0.2798913043478261 0.11141304347826093 0.473731884057971 0.5163043478260871 0.473731884057971