1 0.03692307692307697 0.19763694951664876 0.009230769230769266 0.19763694951664876 0.009230769230769273 0.2824919441460795 0.036923076923076975 0.2824919441460795
1 0.040000000000000084 0.4339419978517723 0.009230769230769308 0.4339419978517723 0.009230769230769315 0.5177228786251342 0.040000000000000084 0.5177228786251342
1 0.033846153846153956 0.602577873254565 0.0076923076923077986 0.602577873254565 0.007692307692307802 0.6412459720730398 0.033846153846153956 0.6412459720730398
1 0.8692307692307693 0.45757250268528477 0.8430769230769231 0.45757250268528477 0.8430769230769231 0.5424274973147155 0.8692307692307693 0.5424274973147155
1 0.8676923076923077 0.6036519871106337 0.8384615384615385 0.6036519871106337 0.8384615384615385 0.6842105263157895 0.8676923076923077 0.6842105263157895
1 0.49230769230769234 0.10741138560687435 0.37384615384615383 0.10741138560687435 0.37384615384615383 0.12459720730397425 0.49230769230769234 0.12459720730397425
1 0.7876923076923077 0.841031149301826 0.6707692307692309 0.841031149301826 0.6707692307692309 0.8603651987110634 0.7876923076923077 0.8603651987110634
1 0.31076923076923096 0.9806659505907627 0.25538461538461554 0.9806659505907627 0.25538461538461554 0.9957035445757251 0.31076923076923096 0.9957035445757251
0 0.28769230769230775 0.10955961331901183 0.015384615384615406 0.10955961331901182 0.01538461538461543 0.39849624060150374 0.2876923076923078 0.39849624060150374
0 0.5969230769230769 0.10848549946294311 0.27076923076923076 0.1084854994629431 0.2707692307692308 0.2921589688506982 0.5969230769230769 0.2921589688506982
0 0.8692307692307693 0.27819548872180455 0.49846153846153846 0.2781954887218045 0.49846153846153857 0.5499462943071965 0.8692307692307693 0.5499462943071965
0 0.8692307692307693 0.5488721804511278 0.49538461538461553 0.5488721804511278 0.49538461538461553 0.8528464017185822 0.8692307692307693 0.8528464017185822
0 0.3876923076923078 0.38990332975295383 0.013846153846153918 0.38990332975295383 0.013846153846153932 0.5628356605800214 0.3876923076923078 0.5628356605800214
0 0.39076923076923087 0.5499462943071965 0.012307692307692407 0.5499462943071965 0.012307692307692413 0.6541353383458647 0.39076923076923087 0.6541353383458647
0 0.3907692307692309 0.7142857142857143 0.23846153846153856 0.7142857142857143 0.23846153846153859 0.8560687432867884 0.3907692307692309 0.8560687432867884
0 0.39230769230769247 0.8431793770139635 0.2415384615384617 0.8431793770139635 0.2415384615384617 0.9935553168635876 0.39230769230769247 0.9935553168635876
0 0.3906446153846155 0.6447465091299678 0.01392615384615396 0.6447465091299678 0.01392615384615399 0.9937293233082707 0.39064461538461553 0.9937293233082707