1 0.38858695652173914 0.10563380281690143 0.3641304347826087 0.10563380281690143 0.3641304347826087 0.18712273641851113 0.38858695652173914 0.18712273641851113
1 0.3125 0.04527162977867205 0.19972826086956522 0.045271629778672044 0.19972826086956522 0.0603621730382294 0.3125 0.060362173038229404
1 0.12907608695652173 0.045271629778672044 0.09103260869565218 0.045271629778672044 0.09103260869565218 0.058350100603621745 0.12907608695652173 0.058350100603621745
1 0.055706521739130474 0.24949698189134809 0.042119565217391346 0.24949698189134809 0.042119565217391346 0.2796780684104628 0.055706521739130474 0.2796780684104628
1 0.05706521739130441 0.31690140845070425 0.03940217391304353 0.31690140845070425 0.03940217391304353 0.3501006036217304 0.05706521739130441 0.3501006036217304
1 0.057065217391304435 0.4517102615694165 0.039402173913043556 0.4517102615694165 0.03940217391304356 0.5382293762575453 0.05706521739130444 0.5382293762575453
1 0.05570652173913054 0.6277665995975855 0.039402173913043584 0.6277665995975855 0.039402173913043584 0.6579476861167002 0.05570652173913055 0.6579476861167002
1 0.05570652173913055 0.6720321931589537 0.03940217391304359 0.6720321931589537 0.0394021739130436 0.744466800804829 0.05570652173913055 0.744466800804829
1 0.19701086956521754 0.9104627766599598 0.07880434782608711 0.9104627766599598 0.07880434782608711 0.9305835010060363 0.19701086956521754 0.9305835010060363
1 0.3885869565217393 0.959758551307847 0.27309782608695665 0.959758551307847 0.27309782608695665 0.9768611670020121 0.3885869565217393 0.9768611670020121
1 0.4932065217391306 0.795774647887324 0.43342391304347844 0.795774647887324 0.43342391304347844 0.8148893360160966 0.4932065217391306 0.8148893360160966
1 0.8872282608695652 0.5130784708249498 0.8600543478260869 0.5130784708249498 0.8600543478260869 0.5865191146881288 0.8872282608695652 0.5865191146881288
1 0.8858695652173914 0.30985915492957755 0.8600543478260869 0.30985915492957755 0.8600543478260869 0.432595573440644 0.8858695652173914 0.432595573440644
1 0.8192934782608695 0.2253521126760564 0.6508152173913043 0.2253521126760564 0.6508152173913043 0.24547283702213285 0.8192934782608695 0.24547283702213285
0 0.38722826086956524 0.04225352112676058 0.1331521739130435 0.042253521126760576 0.1331521739130435 0.24647887323943665 0.38722826086956524 0.24647887323943668
0 0.2989130434782609 0.29074446680080485 0.0366847826086957 0.29074446680080485 0.03668478260869571 0.41448692152917505 0.2989130434782609 0.41448692152917505
0 0.2472826086956523 0.5835010060362174 0.03396739130434792 0.5835010060362174 0.033967391304347935 0.7595573440643864 0.24728260869565233 0.7595573440643864
0 0.24728260869565225 0.4104627766599598 0.033967391304347894 0.4104627766599598 0.03396739130434791 0.5955734406438632 0.24728260869565225 0.5955734406438632
0 0.2459239130434784 0.7434607645875252 0.03260869565217404 0.7434607645875252 0.03260869565217405 0.9325955734406438 0.2459239130434784 0.9325955734406438
0 0.4415760869565219 0.7917505030181087 0.22690217391304363 0.7917505030181087 0.22690217391304363 0.9839034205231388 0.4415760869565219 0.9839034205231388
0 0.5190217391304349 0.5865191146881288 0.2934782608695653 0.5865191146881288 0.29347826086956535 0.8098591549295775 0.5190217391304349 0.8098591549295775
0 0.8926630434782609 0.49295774647887336 0.6834239130434784 0.49295774647887336 0.6834239130434784 0.5995975855130785 0.8926630434782609 0.5995975855130785
0 0.8980978260869565 0.22032193158953728 0.452445652173913 0.22032193158953728 0.45244565217391314 0.506036217303823 0.8980978260869565 0.5060362173038231
0 0.2352432065217392 0.035296780684104634 0.030052989130434794 0.03529678068410463 0.03005298913043481 0.316907444668008 0.23524320652173922 0.316907444668008
0 0.45251630434782614 0.5067112676056338 0.45104483695652176 0.22775653923541245 0.2790986763082154 0.22825380923383803 0.28057014369951977 0.5072085376040594