1 0.32473811442385175 0.34586894586894584 0.31466559226430296 0.34586894586894584 0.31466559226430296 0.41424501424501425 0.32473811442385175 0.41424501424501425
1 0.5745366639806607 0.18176638176638185 0.5273972602739726 0.18176638176638182 0.5273972602739726 0.19373219373219383 0.5745366639806607 0.19373219373219386
1 0.5918614020950846 0.5629629629629631 0.5443190975020145 0.5629629629629631 0.5443190975020145 0.574928774928775 0.5918614020950846 0.574928774928775
1 0.45850120870265915 0.1840455840455841 0.41821112006446415 0.1840455840455841 0.41821112006446415 0.18974358974358982 0.45850120870265915 0.18974358974358982
1 0.40934730056406127 0.2735042735042736 0.370668815471394 0.2735042735042736 0.370668815471394 0.27920227920227925 0.40934730056406127 0.27920227920227925
1 0.5075132957292505 0.2787492877492878 0.44484047139741817 0.27848164425129357 0.44455118856099596 0.4139676841373335 0.5072240128928284 0.4142353276353277
0 0.6269137792103142 0.4461538461538463 0.508058017727639 0.4461538461538463 0.508058017727639 0.5703703703703705 0.6269137792103142 0.5703703703703705
0 0.628525382755842 0.182905982905983 0.45930701047542305 0.18290598290598298 0.45930701047542305 0.27863247863247875 0.628525382755842 0.27863247863247875
0 0.46333601933924257 0.18290598290598298 0.4129734085414988 0.18290598290598298 0.4129734085414988 0.27806267806267815 0.46333601933924257 0.27806267806267815
0 0.4443996776792909 0.2735042735042736 0.36341659951651895 0.2735042735042736 0.36341659951651895 0.34529914529914535 0.4443996776792909 0.3452991452991454
0 0.44557836222644903 0.2742222453303934 0.3181047542304593 0.2731943019943021 0.31737691577516247 0.4537184954103476 0.44485052377115225 0.4547464387464389
0 0.6276160354552781 0.4512062678062678 0.6271470935454709 0.27249965131752746 0.4390016463254871 0.2734871157049919 0.4394705882352942 0.45219373219373227