1 0.948220064724919 0.15567010309278356 0.919093851132686 0.15567010309278356 0.919093851132686 0.2628865979381444 0.948220064724919 0.2628865979381444
1 0.948220064724919 0.39175257731958774 0.9223300970873787 0.39175257731958774 0.9223300970873787 0.497938144329897 0.948220064724919 0.497938144329897
1 0.948220064724919 0.6391752577319587 0.9223300970873787 0.6391752577319587 0.9223300970873787 0.6865979381443299 0.948220064724919 0.6865979381443299
1 0.948220064724919 0.777319587628866 0.9207119741100324 0.777319587628866 0.9207119741100324 0.8845360824742268 0.948220064724919 0.8845360824742268
1 0.7847896440129452 0.9360824742268041 0.6181229773462785 0.9360824742268041 0.6181229773462785 0.9536082474226805 0.7847896440129452 0.9536082474226805
1 0.2799352750809063 0.7484536082474227 0.11003236245954706 0.7484536082474227 0.11003236245954706 0.765979381443299 0.2799352750809063 0.765979381443299
1 0.056634304207119866 0.5731958762886598 0.027508090614886845 0.5731958762886598 0.027508090614886852 0.6783505154639176 0.05663430420711988 0.6783505154639176
1 0.0582524271844661 0.36391752577319586 0.02912621359223308 0.36391752577319586 0.02912621359223309 0.47010309278350515 0.05825242718446611 0.47010309278350515
1 0.2783171521035599 0.06597938144329898 0.13106796116504854 0.06597938144329897 0.13106796116504854 0.08453608247422682 0.2783171521035599 0.08453608247422684
1 0.5080906148867314 0.06701030927835054 0.4336569579288026 0.06701030927835054 0.4336569579288026 0.08247422680412374 0.5080906148867314 0.08247422680412374
1 0.8122977346278317 0.06288659793814438 0.6456310679611651 0.06288659793814437 0.6456310679611651 0.08247422680412377 0.8122977346278317 0.08247422680412377
0 0.5485436893203883 0.057731958762886636 0.3932038834951456 0.05773195876288663 0.3932038834951457 0.277319587628866 0.5485436893203883 0.277319587628866
0 0.9644012944983821 0.7185567010309278 0.44822006472491926 0.7185567010309278 0.44822006472491926 0.9680412371134021 0.9644012944983823 0.9680412371134021
0 0.4919093851132688 0.4845360824742268 0.025889967637540545 0.4845360824742268 0.025889967637540572 0.7762886597938145 0.4919093851132688 0.7762886597938145
0 0.4919093851132687 0.25360824742268046 0.021035598705501663 0.2536082474226804 0.021035598705501687 0.48762886597938143 0.4919093851132688 0.48762886597938143
0 0.43042071197411 0.05257731958762888 0.016181229773462796 0.05257731958762887 0.016181229773462816 0.2721649484536082 0.43042071197411 0.2721649484536082
0 0.9613802588996768 0.05724329896907225 0.44369438618379203 0.05631710094009348 0.44238912463743213 0.3524546559570318 0.9600749973533169 0.35338085398601055
0 0.9608124368677728 0.6108675635710528 0.9588119318217397 0.3227327940042293 0.5673300970873788 0.3238360824742268 0.5693306021334118 0.6119708520410503
0 0.9626634304207119 0.7359917525773197 0.9596245117004025 0.5397388707165236 0.5694254825741889 0.5421914480361113 0.5724644012944983 0.7384443298969073