1 0.6477987421383647 0.030567685589519694 0.6257861635220126 0.030567685589519687 0.6257861635220126 0.11703056768558957 0.6477987421383647 0.11703056768558957
1 0.8915094339622641 0.11179039301310048 0.8128930817610063 0.11179039301310048 0.8128930817610063 0.12489082969432319 0.8915094339622641 0.12489082969432319
1 0.8632075471698113 0.40524017467248913 0.6415094339622641 0.4052401746724891 0.6415094339622642 0.41921397379912667 0.8632075471698113 0.4192139737991267
1 0.5345911949685536 0.4052401746724891 0.4559748427672956 0.4052401746724891 0.45597484276729566 0.41746724890829695 0.5345911949685537 0.41746724890829695
1 0.4371069182389939 0.43056768558951963 0.4103773584905662 0.43056768558951963 0.4103773584905662 0.5283842794759825 0.4371069182389939 0.5283842794759825
1 0.4371069182389939 0.5668122270742358 0.40880503144654107 0.5668122270742358 0.40880503144654107 0.6637554585152838 0.4371069182389939 0.6637554585152838
1 0.27201257861635236 0.8585152838427947 0.12106918238993729 0.8585152838427947 0.12106918238993729 0.8707423580786027 0.27201257861635236 0.8707423580786027
1 0.3411949685534592 0.22183406113537119 0.3128930817610064 0.22183406113537119 0.3128930817610064 0.31965065502183404 0.3411949685534592 0.31965065502183404
1 0.28930817610062903 0.21572052401746725 0.11477987421383652 0.21572052401746725 0.11477987421383652 0.22707423580786026 0.28930817610062903 0.22707423580786026
0 0.9198113207547169 0.10917030567685596 0.6194968553459119 0.10917030567685594 0.6194968553459119 0.20349344978165942 0.9198113207547169 0.20349344978165942
0 0.3506289308176101 0.018340611353711806 0.059748427672955975 0.018340611353711796 0.059748427672955996 0.23056768558951965 0.35062893081761015 0.23056768558951965
0 0.6572327044025157 0.01572052401746728 0.3160377358490566 0.015720524017467267 0.3160377358490566 0.17117903930131007 0.6572327044025157 0.1711790393013101
0 0.34276729559748437 0.31004366812227074 0.05817610062893089 0.31004366812227074 0.058176100628930895 0.42096069868995634 0.34276729559748437 0.42096069868995634
0 0.5738993710691824 0.2777292576419214 0.41037735849056606 0.2777292576419214 0.4103773584905661 0.4218340611353712 0.5738993710691825 0.4218340611353712
0 0.4433962264150944 0.4034934497816594 0.059748427672956066 0.4034934497816594 0.05974842767295612 0.8786026200873363 0.4433962264150945 0.8786026200873363
0 0.9213836477987422 0.5353711790393013 0.7720125786163524 0.5353711790393013 0.7720125786163524 0.6323144104803493 0.9213836477987422 0.6323144104803493
0 0.9166666666666666 0.616593886462882 0.7720125786163524 0.616593886462882 0.7720125786163524 0.6978165938864629 0.9166666666666666 0.6978165938864629
0 0.9201430817610063 0.15570655021834065 0.40802987421383646 0.15570655021834065 0.4080298742138366 0.4245580786026202 0.9201430817610063 0.42455807860262024