0 0.2608695652173913 0.07104984093319196 0.15625 0.07104984093319194 0.15625 0.08271474019088018 0.2608695652173913 0.0827147401908802
0 0.3845108695652174 0.07211028632025454 0.3423913043478261 0.07211028632025454 0.3423913043478261 0.08377518557794277 0.3845108695652174 0.08377518557794277
0 0.5625 0.07104984093319199 0.45516304347826086 0.07104984093319197 0.45516304347826086 0.08483563096500535 0.5625 0.08483563096500536
0 0.7853260869565217 0.07211028632025457 0.6807065217391305 0.07211028632025457 0.6807065217391305 0.08271474019088022 0.7853260869565217 0.08271474019088022
0 0.9320652173913043 0.13043478260869573 0.9171195652173914 0.13043478260869573 0.9171195652173914 0.17073170731707324 0.9320652173913043 0.17073170731707324
0 0.9320652173913043 0.19194061505832455 0.9184782608695652 0.19194061505832455 0.9184782608695652 0.22693531283138924 0.9320652173913043 0.22693531283138924
0 0.9320652173913043 0.2566277836691411 0.9171195652173914 0.2566277836691411 0.9171195652173914 0.2905620360551433 0.9320652173913043 0.2905620360551433
0 0.10733695652173925 0.7942735949098622 0.0923913043478262 0.7942735949098622 0.0923913043478262 0.8282078472958643 0.10733695652173925 0.8282078472958643
0 0.10461956521739138 0.39660657476139977 0.09239130434782616 0.39660657476139977 0.09239130434782616 0.43160127253446445 0.10461956521739138 0.43160127253446445
0 0.1059782608695653 0.46553552492046657 0.08831521739130442 0.46553552492046657 0.08831521739130442 0.49946977730646874 0.1059782608695653 0.49946977730646874
0 0.27581521739130443 0.2651113467656416 0.25951086956521746 0.2651113467656416 0.25951086956521746 0.3255567338282078 0.27581521739130443 0.3255567338282078
0 0.7880434782608695 0.24284199363732772 0.7065217391304348 0.24284199363732772 0.7065217391304348 0.254506892895016 0.7880434782608695 0.254506892895016
0 0.27581521739130443 0.6638388123011665 0.25951086956521746 0.6638388123011665 0.25951086956521746 0.7200424178154825 0.27581521739130443 0.7200424178154825
0 0.2730978260869566 0.5694591728525981 0.25951086956521746 0.5694591728525981 0.25951086956521746 0.6288441145281018 0.2730978260869566 0.6288441145281018