1 0.2608695652173913 0.07104984093319196 0.15625 0.07104984093319194 0.15625 0.08271474019088018 0.2608695652173913 0.0827147401908802
1 0.3845108695652174 0.07211028632025454 0.3423913043478261 0.07211028632025454 0.3423913043478261 0.08377518557794277 0.3845108695652174 0.08377518557794277
1 0.5625 0.07104984093319199 0.45516304347826086 0.07104984093319197 0.45516304347826086 0.08483563096500535 0.5625 0.08483563096500536
1 0.7853260869565217 0.07211028632025457 0.6807065217391305 0.07211028632025457 0.6807065217391305 0.08271474019088022 0.7853260869565217 0.08271474019088022
1 0.9320652173913043 0.13043478260869573 0.9171195652173914 0.13043478260869573 0.9171195652173914 0.17073170731707324 0.9320652173913043 0.17073170731707324
1 0.9320652173913043 0.19194061505832455 0.9184782608695652 0.19194061505832455 0.9184782608695652 0.22693531283138924 0.9320652173913043 0.22693531283138924
1 0.9320652173913043 0.2566277836691411 0.9171195652173914 0.2566277836691411 0.9171195652173914 0.2905620360551433 0.9320652173913043 0.2905620360551433
1 0.10733695652173925 0.7942735949098622 0.0923913043478262 0.7942735949098622 0.0923913043478262 0.8282078472958643 0.10733695652173925 0.8282078472958643
1 0.10461956521739138 0.39660657476139977 0.09239130434782616 0.39660657476139977 0.09239130434782616 0.43160127253446445 0.10461956521739138 0.43160127253446445
1 0.1059782608695653 0.46553552492046657 0.08831521739130442 0.46553552492046657 0.08831521739130442 0.49946977730646874 0.1059782608695653 0.49946977730646874
1 0.27581521739130443 0.2651113467656416 0.25951086956521746 0.2651113467656416 0.25951086956521746 0.3255567338282078 0.27581521739130443 0.3255567338282078
1 0.7880434782608695 0.24284199363732772 0.7065217391304348 0.24284199363732772 0.7065217391304348 0.254506892895016 0.7880434782608695 0.254506892895016
1 0.27581521739130443 0.6638388123011665 0.25951086956521746 0.6638388123011665 0.25951086956521746 0.7200424178154825 0.27581521739130443 0.7200424178154825
1 0.2730978260869566 0.5694591728525981 0.25951086956521746 0.5694591728525981 0.25951086956521746 0.6288441145281018 0.2730978260869566 0.6288441145281018
0 0.4116847826086957 0.0731707317073171 0.3138586956521739 0.0731707317073171 0.3138586956521739 0.20466595970307533 0.4116847826086957 0.20466595970307536
0 0.842391304347826 0.07423117709437972 0.6222826086956522 0.0742311770943797 0.6222826086956522 0.25238600212089085 0.842391304347826 0.25238600212089085
0 0.9279891304347826 0.07423117709437974 0.8315217391304348 0.07423117709437974 0.8315217391304348 0.1876988335100743 0.9279891304347826 0.1876988335100743
0 0.9307065217391305 0.18027571580063634 0.8315217391304348 0.18027571580063634 0.8315217391304348 0.2534464475079534 0.9307065217391305 0.2534464475079534
0 0.9293478260869565 0.2439024390243903 0.8315217391304348 0.2439024390243903 0.8315217391304348 0.37009544008483575 0.9293478260869565 0.37009544008483575
0 0.27038043478260876 0.2449628844114528 0.09239130434782612 0.2449628844114528 0.09239130434782615 0.383881230116649 0.27038043478260876 0.383881230116649
0 0.27038043478260876 0.37645811240721105 0.09239130434782616 0.37645811240721105 0.09239130434782616 0.4528101802757158 0.27038043478260876 0.4528101802757158
0 0.26902173913043487 0.4443266171792153 0.09239130434782616 0.4443266171792153 0.09239130434782616 0.5206786850477201 0.26902173913043487 0.5206786850477201
0 0.27038043478260876 0.513255567338282 0.09239130434782616 0.513255567338282 0.09239130434782618 0.6500530222693531 0.27038043478260876 0.6500530222693531
0 0.2703804347826088 0.6436903499469777 0.0923913043478262 0.6436903499469777 0.0923913043478262 0.7804878048780488 0.27038043478260887 0.7804878048780488
0 0.2690217391304349 0.7741251325556734 0.0923913043478262 0.7741251325556734 0.0923913043478262 0.8504772004241782 0.2690217391304349 0.8504772004241782
0 0.3798138586956522 0.25372216330858965 0.3784699188103402 0.07250167661268656 0.09208948402773147 0.07379541998490283 0.09343342391304345 0.25501590668080587
0 0.623523097826087 0.25374867444326615 0.6230095108695651 0.07375927889713679 0.3694432893300284 0.07420002726157532 0.3699568762865501 0.2541894228077047