1 0.20921985815602842 0.20327421555252387 0.18085106382978727 0.20327421555252387 0.18085106382978727 0.30286493860845837 0.20921985815602842 0.30286493860845837
1 0.8705673758865248 0.14870395634379271 0.8439716312056738 0.14870395634379271 0.8439716312056738 0.27557980900409285 0.8705673758865248 0.27557980900409285
1 0.8776595744680851 0.3547066848567532 0.8457446808510638 0.3547066848567532 0.8457446808510638 0.4761255115961802 0.8776595744680851 0.4761255115961802
1 0.8812056737588653 0.5593451568894954 0.8475177304964538 0.5593451568894954 0.8475177304964538 0.6166439290586632 0.8812056737588653 0.6166439290586632
1 0.769503546099291 0.8335607094133697 0.5868794326241137 0.8335607094133697 0.5868794326241137 0.8581173260572987 0.769503546099291 0.8581173260572987
1 0.45921985815602856 0.703956343792633 0.23404255319148945 0.703956343792633 0.23404255319148945 0.7216916780354706 0.45921985815602856 0.7216916780354706
1 0.2127659574468086 0.4679399727148704 0.18085106382978727 0.4679399727148704 0.1808510638297873 0.6057298772169167 0.21276595744680862 0.6057298772169167
0 0.5035460992907801 0.10641200545702593 0.18262411347517732 0.10641200545702592 0.18262411347517732 0.37517053206002726 0.5035460992907801 0.37517053206002726
0 0.5035460992907802 0.37244201909959074 0.18085106382978727 0.37244201909959074 0.1808510638297873 0.7203274215552524 0.5035460992907803 0.7203274215552524
0 0.8670212765957447 0.10641200545702598 0.48226950354609927 0.10641200545702596 0.48226950354609927 0.3083219645293316 0.8670212765957447 0.3083219645293316
0 0.8670212765957447 0.2974079126875853 0.5939716312056738 0.2974079126875853 0.5939716312056738 0.533424283765348 0.8670212765957447 0.533424283765348
0 0.8705673758865249 0.5197817189631652 0.5957446808510638 0.519781718963165 0.5957446808510639 0.6575716234652116 0.870567375886525 0.6575716234652116
0 0.8696098216647445 0.8530458711243213 0.8686003914417273 0.6138244215241856 0.48503489601811767 0.614782643169305 0.48604432624113486 0.8540040927694408