1 0.9053497942386831 0.1423611111111112 0.8251028806584362 0.1423611111111112 0.8251028806584362 0.1597222222222223 0.9053497942386831 0.1597222222222223
1 0.6934156378600823 0.14236111111111113 0.5761316872427984 0.14236111111111113 0.5761316872427984 0.1608796296296297 0.6934156378600823 0.1608796296296297
1 0.3765432098765432 0.14351851851851855 0.23251028806584367 0.14351851851851852 0.23251028806584367 0.16087962962962962 0.3765432098765432 0.16087962962962962
1 0.9650205761316872 0.3657407407407408 0.9320987654320988 0.36574074074074076 0.9320987654320988 0.4490740740740741 0.9650205761316872 0.4490740740740742
1 0.9650205761316873 0.5358796296296297 0.934156378600823 0.5358796296296297 0.9341563786008231 0.5787037037037037 0.9650205761316875 0.5787037037037038
1 0.969135802469136 0.6574074074074074 0.9341563786008232 0.6574074074074074 0.9341563786008232 0.7407407407407407 0.969135802469136 0.7407407407407407
1 0.44238683127572026 0.7268518518518519 0.29218106995884785 0.7268518518518519 0.29218106995884785 0.7407407407407407 0.44238683127572026 0.7407407407407407
1 0.10905349794238696 0.5555555555555556 0.07818930041152275 0.5555555555555556 0.07818930041152276 0.6377314814814815 0.10905349794238697 0.6377314814814815
0 0.9732510288065843 0.14004629629629636 0.7736625514403292 0.14004629629629636 0.7736625514403292 0.31018518518518523 0.9732510288065843 0.31018518518518534
0 0.8045267489711934 0.13773148148148154 0.49176954732510286 0.1377314814814815 0.4917695473251029 0.3090277777777778 0.8045267489711934 0.3090277777777778
0 0.5246913580246915 0.14120370370370372 0.06995884773662554 0.1412037037037037 0.06995884773662557 0.38310185185185186 0.5246913580246915 0.38310185185185186
0 0.9732510288065843 0.29398148148148157 0.48765432098765443 0.29398148148148157 0.48765432098765443 0.5208333333333334 0.9732510288065843 0.5208333333333335
0 0.9732510288065844 0.5046296296296297 0.6666666666666666 0.5046296296296297 0.6666666666666667 0.6111111111111112 0.9732510288065847 0.6111111111111112
0 0.9732510288065847 0.5925925925925926 0.4897119341563787 0.5925925925925926 0.48971193415637876 0.8333333333333334 0.9732510288065847 0.8333333333333334
0 0.5226337448559671 0.3587962962962963 0.07407407407407417 0.3587962962962963 0.07407407407407421 0.7442129629629629 0.5226337448559671 0.7442129629629629